gene_oid	gene_length	feature_type	start_coord	end_coord
2930952637	535	cleavage	24	25
2930952638	261	cleavage	29	30
2930952640	533	cleavage	27	28
2930952650	89	cleavage	28	29
2930952652	536	cleavage	24	25
2930952654	333	cleavage	22	23
2930952672	124	cleavage	29	30
2930952673	188	cleavage	29	30
2930952676	134	cleavage	27	28
2930952679	153	cleavage	30	31
2930952680	150	cleavage	27	28
2930952681	627	cleavage	25	26
2930952683	375	cleavage	26	27
2930952684	303	cleavage	27	28
2930952685	689	cleavage	35	36
2930952687	330	cleavage	26	27
2930952751	562	cleavage	32	33
2930952758	271	cleavage	31	32
2930952784	191	cleavage	30	31
2930952786	216	cleavage	30	31
2930952788	116	cleavage	33	34
2930952794	165	cleavage	29	30
2930952824	60	cleavage	28	29
2930952828	673	cleavage	21	22
2930952845	602	cleavage	20	21
2930952854	269	cleavage	27	28
2930952899	682	cleavage	23	24
2930952909	310	cleavage	21	22
2930952918	344	cleavage	23	24
2930952919	290	cleavage	25	26
2930952938	202	cleavage	23	24
2930952939	715	cleavage	25	26
2930952952	331	cleavage	24	25
2930952958	423	cleavage	29	30
2930952967	250	cleavage	34	35
2930952992	213	cleavage	30	31
2930953010	98	cleavage	30	31
2930953041	361	cleavage	26	27
2930953065	604	cleavage	39	40
2930953068	258	cleavage	29	30
2930953070	700	cleavage	37	38
2930953083	401	cleavage	20	21
2930953149	153	cleavage	27	28
2930953211	191	cleavage	26	27
2930953212	207	cleavage	28	29
2930953213	210	cleavage	27	28
2930953214	398	cleavage	28	29
2930953216	139	cleavage	27	28
2930953217	229	cleavage	28	29
2930953218	224	cleavage	25	26
2930953220	711	cleavage	28	29
2930953221	524	cleavage	26	27
2930953292	304	cleavage	22	23
2930953402	354	cleavage	28	29
2930953428	477	cleavage	30	31
2930953436	245	cleavage	19	20
2930953437	399	cleavage	30	31
2930953438	256	cleavage	28	29
2930953565	280	cleavage	22	23
2930953616	492	cleavage	29	30
2930953633	213	cleavage	30	31
2930953634	741	cleavage	24	25
2930953635	617	cleavage	33	34
2930953705	419	cleavage	30	31
2930953715	305	cleavage	18	19
2930953773	292	cleavage	21	22
2930953775	549	cleavage	21	22
2930953782	340	cleavage	27	28
2930953784	530	cleavage	31	32
2930953823	251	cleavage	28	29
2930953836	295	cleavage	32	33
2930953837	145	cleavage	28	29
2930953967	67	cleavage	25	26
2930954162	648	cleavage	26	27
2930954209	300	cleavage	26	27
2930954300	189	cleavage	29	30
2930954430	708	cleavage	27	28
2930954498	381	cleavage	18	19
2930954650	541	cleavage	32	33
2930954651	539	cleavage	21	22
2930954655	278	cleavage	18	19
2930954658	181	cleavage	22	23
2930954671	321	cleavage	28	29
2930954676	234	cleavage	24	25
2930954677	230	cleavage	28	29
2930954678	346	cleavage	25	26
2930954684	437	cleavage	25	26
2930954696	156	cleavage	31	32
2930954705	220	cleavage	29	30
2930954715	392	cleavage	33	34
2930954716	307	cleavage	34	35
2930954759	296	cleavage	56	57
2930954776	354	cleavage	29	30
2930954783	294	cleavage	25	26
2930954813	407	cleavage	37	38
2930954859	546	cleavage	24	25
2930954866	308	cleavage	34	35
2930954867	316	cleavage	32	33
2930954885	233	cleavage	23	24
2930954886	349	cleavage	28	29
2930954895	574	cleavage	32	33
2930954903	260	cleavage	25	26
2930954913	231	cleavage	20	21
2930954927	130	cleavage	36	37
2930954954	437	cleavage	32	33
2930954956	439	cleavage	33	34
2930954985	168	cleavage	27	28
2930954986	459	cleavage	30	31
2930954988	487	cleavage	22	23
2930954994	368	cleavage	27	28
2930955015	109	cleavage	24	25
2930955035	280	cleavage	25	26
2930955057	564	cleavage	32	33
2930955074	183	cleavage	26	27
2930955086	277	cleavage	28	29
2930955093	547	cleavage	19	20
2930955094	166	cleavage	28	29
2930955095	162	cleavage	28	29
2930955203	375	cleavage	28	29
2930955204	387	cleavage	27	28
2930955212	881	cleavage	38	39
2930955234	301	cleavage	29	30
2930955254	314	cleavage	27	28
2930955261	271	cleavage	27	28
2930955268	179	cleavage	28	29
2930955319	297	cleavage	33	34
2930955320	783	cleavage	35	36
2930955337	211	cleavage	27	28
2930955362	206	cleavage	22	23
2930955452	185	cleavage	30	31
