gene_oid	gene_length	superfam_id	db_name	percent_identity	query_start	query_end	evalue	bit_score	align_length
2930952626	452	SM00382	SMART	82.61	149	277	1.1e-12	41.8	129
2930952626	452	SM00760	SMART	100	360	429	1.1e-42	138.9	70
2930952627	379	SM00480	SMART	99.73	17	374	0.0e+00	470.8	358
2930952630	384	SM00382	SMART	25	35	370	1.8e-03	11.9	336
2930952631	647	SM00433	SMART	99.84	44	641	0.0e+00	1177.9	598
2930952632	844	SM00434	SMART	99.81	13	466	0.0e+00	937.7	454
2930952647	462	SM00382	SMART	65.22	205	389	6.9e-05	16.5	185
2930952656	238	SM00448	SMART	100	3	113	3.6e-49	161.2	111
2930952657	618	SM00304	SMART	98.11	205	257	4.5e-16	52.7	53
2930952657	618	SM00091	SMART	92.65	264	328	2.7e-13	43	65
2930952657	618	SM00388	SMART	98.88	377	444	9.1e-25	81.4	68
2930952657	618	SM00387	SMART	98.46	495	607	4.0e-42	137.8	113
2930952660	275	SM00849	SMART	85.77	23	197	1.1e-15	51.7	175
2930952661	447	SM00228	SMART	96.25	332	420	6.7e-10	32.8	89
2930952666	219	SM00382	SMART	57.61	58	217	2.2e-03	11.7	160
2930952686	97	SM00165	SMART	57.89	66	94	1.0e-03	12.7	29
2930952692	497	SM00382	SMART	73.91	32	195	9.7e-18	58.1	164
2930952692	497	SM00382	SMART	78.26	336	489	9.7e-18	58.1	154
2930952696	143	SM00347	SMART	73.27	31	127	2.0e-28	92.5	97
2930952699	198	SM01266	SMART	98.46	7	59	1.7e-14	47.4	53
2930952709	159	SM00422	SMART	97.22	4	73	5.3e-26	84.3	70
2930952712	282	SM00244	SMART	98.32	4	159	9.0e-31	100.6	156
2930952748	480	SM01350	SMART	100	182	477	0.0e+00	666.5	296
2930952749	142	SM00347	SMART	85.15	21	118	1.3e-15	50.7	98
2930952757	355	SM00421	SMART	47.37	21	60	3.5e-04	13.3	40
2930952758	271	SM00287	SMART	56.52	32	80	1.3e-01	5.7	49
2930952766	506	SM00382	SMART	85.87	28	153	9.1e-29	93.9	126
2930952766	506	SM00382	SMART	85.87	293	466	9.1e-29	93.9	174
2930952770	322	SM00354	SMART	98.61	3	74	5.4e-28	90.8	72
2930952773	396	SM00116	SMART	91.49	177	226	3.6e-13	42.8	50
2930952773	396	SM00116	SMART	82.98	240	283	3.6e-13	42.8	44
2930952773	396	SM01091	SMART	98.18	304	384	2.4e-15	50.1	81
2930952784	191	SM00257	SMART	97.78	33	76	3.4e-18	59.2	44
2930952786	216	SM00257	SMART	97.78	33	77	2.4e-15	50	45
2930952794	165	SM00722	SMART	82.57	4	131	3.4e+00	1.7	128
2930952796	297	SM00382	SMART	83.7	31	229	4.8e-15	49.4	199
2930952797	218	SM00471	SMART	93.22	21	138	4.0e-11	36.1	118
2930952809	221	SM00345	SMART	95	11	69	1.3e-17	57.2	59
2930952809	221	SM00895	SMART	96.26	79	204	2.6e-12	41.4	126
2930952813	220	SM00855	SMART	95.89	5	177	2.1e-23	76.6	173
2930952817	233	SM00345	SMART	98.33	11	69	6.1e-20	64.7	59
2930952817	233	SM00895	SMART	96.26	80	204	1.7e-14	48.5	125
2930952819	335	SM00354	SMART	88.89	3	73	2.0e-24	79.2	71
2930952827	62	SM00530	SMART	100	3	58	4.0e-20	65.4	56
2930952831	229	SM00345	SMART	96.67	9	67	4.0e-16	52.4	59
2930952831	229	SM00866	SMART	92.18	93	221	1.4e-32	107.1	129
2930952835	226	SM00850	SMART	98.26	127	221	2.0e-18	60.3	95
2930952848	324	SM00382	SMART	76.09	39	246	3.4e-14	46.7	208
2930952849	337	SM00382	SMART	92.39	36	242	2.2e-18	60.2	207
2930952873	530	SM00091	SMART	52.94	217	265	4.7e-07	23.2	49
2930952873	530	SM00387	SMART	90.77	420	526	1.2e-18	60.9	107
2930952874	238	SM00448	SMART	99.33	1	116	2.5e-25	83	116
2930952881	287	SM00834	SMART	26.67	1	17	3.1e-02	7.6	17
2930952881	287	SM00834	SMART	17.78	17	31	3.1e-02	7.6	15
2930952891	150	SM00347	SMART	97.03	22	121	1.6e-24	79.7	100
2930952896	215	SM00529	SMART	98.02	22	121	9.1e-30	96.8	100
2930952902	328	SM01240	SMART	13.74	5	76	2.7e-124	409.1	72
2930952902	328	SM01240	SMART	53.54	84	325	2.7e-124	409.1	242
2930952903	428	SM00788	SMART	99.76	3	421	0.0e+00	964.7	419
2930952904	432	SM00998	SMART	100	349	429	1.9e-41	135.1	81
2930952910	264	SM00404	SMART	23.91	114	186	4.0e-04	13.7	73
2930952912	613	SM00944	SMART	98.64	40	180	6.7e-36	117.5	141
2930952916	215	SM00478	SMART	98.32	39	196	7.8e-22	71.3	158
2930952921	289	SM00342	SMART	98.81	200	283	4.3e-24	78.5	84
2930952943	138	SM00344	SMART	73.21	3	86	2.9e-22	72.4	84
2930952945	309	SM00382	SMART	95.65	26	221	4.7e-21	68.9	196
2930952949	164	SM00347	SMART	85.15	48	140	7.0e-16	51.6	93
2930952950	915	SM00831	SMART	98.67	26	99	2.3e-30	98.7	74
2930952953	191	SM01266	SMART	100	5	59	4.0e-19	62.5	55
2930952972	181	SM00347	SMART	72.28	37	132	3.8e-19	62.3	96
2930952975	758	SM00382	SMART	18.48	29	48	4.3e-11	36.6	20
2930952975	758	SM00382	SMART	66.3	477	721	4.3e-11	36.6	245
2930952982	401	SM00382	SMART	86.96	28	214	1.5e-18	60.8	187
2930952982	401	SM00116	SMART	93.62	259	307	5.5e-18	58.2	49
2930952982	401	SM00116	SMART	93.62	319	367	5.5e-18	58.2	49
2930952995	219	SM00382	SMART	77.17	28	211	9.3e-15	48.5	184
2930952996	545	SM00642	SMART	100	14	407	8.0e-126	415.2	394
2930952997	138	SM00347	SMART	82.18	13	108	2.2e-13	43.5	96
2930953004	371	SM00304	SMART	83.02	173	222	6.6e-04	13.7	50
2930953004	371	SM00388	SMART	96.63	229	296	7.8e-21	68.6	68
2930953005	94	SM00862	SMART	100	11	86	2.1e-31	102.8	76
2930953009	158	SM00448	SMART	99.33	3	115	1.0e-43	143.3	113
2930953021	252	SM00346	SMART	97.8	9	98	3.1e-17	55.7	90
2930953035	87	SM01049	SMART	25.96	1	46	8.7e-03	9.2	46
2930953035	87	SM01049	SMART	19.23	65	86	8.7e-03	9.2	22
2930953049	223	SM00954	SMART	97.73	62	185	2.5e-44	145.5	124
2930953051	388	SM00257	SMART	42.22	122	142	4.4e-03	10.6	21
2930953051	388	SM00257	SMART	37.78	192	216	4.4e-03	10.6	25
2930953054	230	SM00448	SMART	98.67	5	115	6.8e-35	114.4	111
2930953055	446	SM00388	SMART	97.75	210	277	8.0e-18	58.8	68
2930953055	446	SM00387	SMART	98.46	322	434	2.1e-36	119.1	113
2930953056	321	SM00354	SMART	94.44	1	70	1.5e-28	92.6	70
2930953064	127	SM00347	SMART	72.28	29	112	8.6e-14	44.8	84
2930953065	604	SM00710	SMART	68.18	183	210	5.6e+00	1.8	28
2930953076	271	SM00530	SMART	51.79	180	224	1.5e-03	12.1	45
2930953079	146	SM00419	SMART	70	19	61	3.4e-03	10.6	43
2930953082	120	SM00418	SMART	51.9	15	71	7.0e-07	22.1	57
2930953085	252	SM00382	SMART	77.17	36	245	3.3e-14	46.7	210
2930953087	123	SM00345	SMART	100	15	74	4.0e-13	42.6	60
2930953093	112	SM00418	SMART	97.47	21	99	1.2e-29	96.3	79
2930953098	286	SM00342	SMART	100	193	276	2.5e-26	85.7	84
2930953099	543	SM00382	SMART	82.61	26	230	2.0e-21	70.1	205
2930953099	543	SM00382	SMART	77.17	359	518	2.0e-21	70.1	160
2930953103	124	SM00345	SMART	93.33	16	74	4.0e-22	71.8	59
2930953104	297	SM00382	SMART	77.17	27	289	2.4e-15	50.4	263
2930953121	122	SM00347	SMART	60.4	43	118	3.6e-07	23.2	76
2930953125	419	SM00363	SMART	42.86	361	416	1.4e-07	25	56
2930953133	294	SM00530	SMART	98.21	7	61	9.4e-10	32.1	55
2930953145	207	SM00934	SMART	99.63	2	201	2.1e-21	69.4	200
2930953146	180	SM00382	SMART	32.61	78	159	1.5e-03	12.2	82
2930953147	328	SM00354	SMART	98.61	8	79	5.7e-32	103.8	72
2930953161	296	SM00650	SMART	100	39	215	1.2e-83	274.2	177
2930953164	192	SM00986	SMART	95.2	28	184	9.9e-21	67.6	157
2930953172	386	SM00419	SMART	70	24	62	2.3e-05	17.6	39
2930953179	283	SM00382	SMART	76.09	30	252	2.8e-19	63.1	223
2930953180	260	SM00850	SMART	99.13	160	259	1.3e-32	106.6	100
2930953185	232	SM00382	SMART	85.87	31	213	1.5e-16	54.3	183
2930953191	326	SM01400	SMART	100	10	126	2.1e-86	283	117
2930953193	138	SM00422	SMART	91.67	1	69	9.3e-19	60.7	69
2930953194	242	SM00345	SMART	100	9	67	4.7e-15	48.9	59
2930953194	242	SM00866	SMART	96.09	94	232	3.4e-35	115.6	139
2930953197	452	SM00471	SMART	93.22	57	194	7.8e-16	51.2	138
2930953204	140	SM00347	SMART	93.07	24	120	1.7e-10	34	97
2930953223	156	SM00226	SMART	99.35	3	150	3.5e-46	151.2	148
2930953228	523	SM00487	SMART	100	20	217	6.1e-71	232.3	198
2930953228	523	SM00487	SMART	19.18	251	315	6.1e-71	232.3	65
2930953231	373	SM01005	SMART	100	247	372	1.7e-71	233.9	126
2930953234	213	SM00116	SMART	65.96	12	54	9.7e-09	28.6	43
2930953239	1180	SM01058	SMART	100	495	592	1.5e-53	175.3	98
2930953239	1180	SM00487	SMART	95.89	616	806	1.0e-38	126.5	191
2930953239	1180	SM00487	SMART	20.55	842	895	1.0e-38	126.5	54
2930953239	1180	SM00982	SMART	85.58	1019	1117	3.4e-39	127.9	99
2930953241	90	SM00363	SMART	84.13	1	64	3.0e-14	46.4	64
2930953243	181	SM00316	SMART	100	4	74	2.0e-28	92.3	71
2930953244	450	SM00977	SMART	89.53	375	446	1.5e-18	60.2	72
2930953246	699	SM00382	SMART	97.83	221	359	9.5e-26	84.1	139
2930953266	233	SM00345	SMART	96.67	9	68	2.6e-26	85.3	60
2930953266	233	SM00866	SMART	99.44	89	228	1.3e-45	149.8	140
2930953272	731	SM00732	SMART	100	327	427	3.3e-37	121.5	101
2930953272	731	SM00316	SMART	100	655	726	2.3e-27	88.9	72
2930953273	159	SM00731	SMART	98.35	4	147	2.7e-50	164.5	144
2930953278	183	SM00530	SMART	39.29	20	61	2.3e-03	11.5	42
2930953280	145	SM00347	SMART	87.13	24	118	9.0e-17	54.5	95
2930953288	376	SM00267	SMART	96.02	205	376	3.2e-45	147.7	172
2930953289	215	SM00052	SMART	7.45	5	28	5.7e-16	50.8	24
2930953289	215	SM00052	SMART	33.33	60	143	5.7e-16	50.8	84
2930953289	215	SM00052	SMART	14.9	172	215	5.7e-16	50.8	44
2930953296	223	SM00855	SMART	100	3	184	3.3e-30	98.8	182
2930953303	458	SM00382	SMART	96.74	90	244	1.0e-14	48.4	155
2930953304	394	SM00670	SMART	100	171	278	5.9e-17	56.2	108
2930953306	470	SM00840	SMART	78.69	356	419	1.8e-12	41.2	64
2930953307	135	SM00535	SMART	72.86	3	126	3.4e-10	32.9	124
2930953308	255	SM00967	SMART	100	13	88	2.2e-21	70.5	76
2930953311	49	SM00249	SMART	41.03	9	45	1.7e-03	12	37
2930953313	182	SM00738	SMART	99.16	6	117	3.1e-52	170.7	112
2930953313	182	SM00739	SMART	92.86	127	154	2.4e-09	30.4	28
2930953314	141	SM00649	SMART	100	9	140	4.5e-89	291.9	132
2930953319	231	SM00448	SMART	99.33	3	115	2.2e-46	152	113
2930953320	462	SM00304	SMART	94.34	180	234	1.1e-04	16.2	55
2930953320	462	SM00388	SMART	98.88	235	302	1.7e-21	70.7	68
2930953320	462	SM00387	SMART	97.69	342	454	1.9e-34	112.6	113
2930953334	576	SM00382	SMART	85.87	38	179	2.1e-15	50.6	142
2930953336	199	SM00278	SMART	75	15	31	1.5e-04	15.8	17
2930953338	214	SM00382	SMART	59.78	2	210	9.9e-05	16	209
2930953348	98	SM00418	SMART	93.67	16	96	8.2e-23	74.1	81
2930953349	650	SM00382	SMART	76.09	28	234	8.9e-34	110.1	207
2930953349	650	SM00382	SMART	77.17	355	526	8.9e-34	110.1	172
2930953350	212	SM00420	SMART	64.15	27	64	1.5e-04	14.8	38
2930953350	212	SM00881	SMART	96.8	79	179	2.4e-24	79.7	101
2930953351	94	SM00883	SMART	99.03	1	93	2.0e-52	171.2	93
2930953359	439	SM00487	SMART	90.87	93	274	8.2e-17	54.5	182
2930953359	439	SM00490	SMART	75.58	333	400	2.7e-12	40.1	68
2930953362	787	SM00957	SMART	100	5	382	0.0e+00	922.6	378
2930953362	787	SM00490	SMART	90.7	443	530	7.9e-03	9.3	88
2930953363	332	SM00937	SMART	100	45	155	3.5e-55	180.6	111
2930953364	384	SM00228	SMART	57.5	268	351	1.2e-06	22.3	84
2930953365	235	SM00448	SMART	98.67	2	113	4.6e-51	167.4	112
2930953366	447	SM00388	SMART	96.63	224	291	4.6e-23	75.9	68
2930953366	447	SM00387	SMART	97.69	335	447	5.7e-39	127.5	113
2930953370	274	SM00382	SMART	77.17	54	259	2.2e-16	53.8	206
2930953371	252	SM00382	SMART	76.09	30	224	3.6e-15	49.8	195
2930953381	213	SM00471	SMART	81.36	26	142	4.7e-08	26.2	117
2930953383	668	SM00487	SMART	84.93	14	423	5.4e-38	124.1	410
2930953383	668	SM00487	SMART	34.7	456	524	5.4e-38	124.1	69
2930953384	951	SM00382	SMART	19.57	25	43	2.2e-13	44	19
2930953384	951	SM00382	SMART	70.65	631	906	2.2e-13	44	276
2930953385	181	SM00906	SMART	44.07	70	162	2.6e-03	11.3	93
2930953398	336	SM00846	SMART	100	3	153	7.2e-82	268.3	151
2930953401	439	SM01193	SMART	100	4	134	1.0e-101	333.8	131
2930953401	439	SM01192	SMART	99.69	139	427	0.0e+00	722.9	289
2930953406	797	SM00357	SMART	80	77	137	3.0e-04	14.2	61
2930953406	797	SM00316	SMART	94.44	635	716	2.1e-21	69.7	82
2930953408	245	SM00382	SMART	75	29	219	1.6e-20	67.2	191
2930953410	239	SM00986	SMART	97.6	50	212	1.6e-38	126	163
2930953415	173	SM00479	SMART	85.2	1	161	1.8e-29	96.4	161
2930953424	40	SM00490	SMART	19.77	5	33	1.9e-03	11.3	29
2930953428	477	SM00047	SMART	91.3	30	186	6.8e-44	143.9	157
2930953433	361	SM00382	SMART	77.17	52	227	2.7e-14	47	176
2930953438	256	SM00725	SMART	45.86	24	145	8.1e-13	42	122
2930953441	252	SM00382	SMART	68.48	26	235	2.7e-18	60	210
2930953444	510	SM00471	SMART	72.88	336	450	2.6e-04	14.2	115
2930953447	147	SM00347	SMART	86.14	31	127	3.7e-20	65.5	97
2930953459	339	SM00354	SMART	97.22	3	73	1.2e-25	83.1	71
2930953471	245	SM00382	SMART	94.57	100	235	7.6e-11	35.8	136
2930953474	243	SM00530	SMART	94.64	4	62	2.3e-07	24.4	59
2930953480	74	SM00844	SMART	25	7	52	3.1e-03	10.8	46
2930953481	256	SM00943	SMART	100	7	165	1.2e-39	130.1	159
2930953481	256	SM00942	SMART	90.14	195	256	1.3e-23	77.1	62
2930953486	244	SM00448	SMART	100	1	114	3.5e-39	128.5	114
2930953487	489	SM00304	SMART	92.45	195	247	2.1e-13	44.2	53
2930953487	489	SM00388	SMART	97.75	255	321	1.7e-20	67.5	67
2930953487	489	SM00387	SMART	99.23	366	478	2.6e-36	118.8	113
2930953501	220	SM00052	SMART	13.33	3	41	1.3e-19	62.9	39
2930953501	220	SM00052	SMART	29.41	59	142	1.3e-19	62.9	84
2930953501	220	SM00052	SMART	13.73	176	216	1.3e-19	62.9	41
2930953502	374	SM00267	SMART	96.59	200	373	1.1e-36	119.7	174
2930953506	452	SM00382	SMART	83.7	232	424	1.5e-16	54.3	193
2930953507	613	SM00382	SMART	95.65	396	600	2.1e-17	57.1	205
2930953512	194	SM00382	SMART	60.87	8	158	4.5e-03	10.7	151
2930953513	361	SM00937	SMART	100	66	180	1.9e-63	207.8	115
2930953521	171	SM00150	SMART	34.62	32	80	5.5e-02	7	49
2930953521	171	SM00150	SMART	47.12	90	144	5.5e-02	7	55
2930953525	471	SM00382	SMART	69.57	145	356	1.1e-10	35.3	212
2930953530	99	SM01234	SMART	98.67	1	68	3.1e-47	153.9	68
2930953534	281	SM00244	SMART	97.21	49	214	1.4e-12	40.9	166
2930953538	294	SM00530	SMART	96.43	7	61	8.1e-14	45.1	55
2930953538	294	SM00028	SMART	85.29	194	226	4.5e-07	23.5	33
2930953542	425	SM00382	SMART	91.3	40	151	5.7e-15	49.2	112
2930953547	201	SM00363	SMART	85.71	93	154	3.1e-24	78.6	62
2930953548	155	SM00065	SMART	72.54	23	148	6.8e-13	42.3	126
2930953549	576	SM01408	SMART	42.53	117	189	8.4e-02	6.2	73
2930953551	405	SM00981	SMART	98.29	74	165	7.4e-25	81.3	92
2930953558	283	SM00340	SMART	50	74	101	3.1e-04	14.2	28
2930953558	283	SM00340	SMART	31.82	92	113	3.1e-04	14.2	22
2930953561	268	SM00382	SMART	68.48	9	243	1.1e-06	22.4	235
2930953564	211	SM00382	SMART	84.78	26	209	8.2e-20	64.9	184
2930953565	280	SM00062	SMART	99.59	45	273	2.4e-69	227.4	229
2930953570	416	SM00852	SMART	98.51	4	171	2.6e-47	155.3	168
2930953570	416	SM00091	SMART	42.65	177	210	2.2e-03	11.5	34
2930953570	416	SM00091	SMART	33.82	214	245	2.2e-03	11.5	32
2930953571	377	SM00382	SMART	98.91	57	228	2.7e-12	40.5	172
2930953573	519	SM00322	SMART	95.24	207	274	2.9e-11	36.9	68
2930953573	519	SM00471	SMART	94.92	331	437	5.8e-14	45.2	107
2930953575	892	SM00533	SMART	99.7	274	583	7.9e-110	361.6	310
2930953575	892	SM00534	SMART	98.99	600	787	2.2e-118	389.3	188
2930953576	674	SM01340	SMART	99.38	209	327	3.7e-52	170.7	119
2930953576	674	SM00853	SMART	100	476	618	3.3e-55	181.2	143
2930953577	202	SM00278	SMART	90	71	90	5.3e-11	35.5	20
2930953577	202	SM00278	SMART	85	106	125	5.3e-11	35.5	20
2930953578	338	SM00382	SMART	90.22	55	185	5.0e-19	62.3	131
2930953581	141	SM01323	SMART	98.85	13	96	3.1e-40	131.3	84
2930953584	452	SM00487	SMART	93.15	22	218	3.1e-55	180.7	197
2930953584	452	SM00487	SMART	47.95	232	320	3.1e-55	180.7	89
2930953587	145	SM00732	SMART	99.15	1	103	9.1e-37	120	103
2930953591	787	SM00534	SMART	96.98	328	510	3.3e-77	253.3	183
2930953591	787	SM00463	SMART	98.94	709	787	4.0e-20	65.8	79
2930953597	163	SM00116	SMART	76.6	24	71	1.5e-08	28	48
2930953597	163	SM00116	SMART	42.55	116	138	1.5e-08	28	23
2930953600	228	SM01389	SMART	6.17	145	161	1.1e-04	14.7	17
2930953600	228	SM01389	SMART	14.81	172	187	1.1e-04	14.7	16
2930953600	228	SM01389	SMART	20.99	185	199	1.1e-04	14.7	15
2930953600	228	SM01389	SMART	45.68	204	228	1.1e-04	14.7	25
2930953601	480	SM00547	SMART	76	3	24	1.6e-02	9	22
2930953601	480	SM00547	SMART	80	31	52	1.6e-02	9	22
2930953605	98	SM00418	SMART	89.87	14	90	5.1e-23	74.7	77
2930953609	134	SM01088	SMART	66.04	5	43	1.9e-03	11.6	39
2930953611	365	SM00248	SMART	86.67	8	38	4.5e-04	14.2	31
2930953611	365	SM00248	SMART	56.67	94	112	4.5e-04	14.2	19
2930953612	333	SM00354	SMART	100	5	75	4.6e-40	130.2	71
2930953615	246	SM00382	SMART	77.17	30	220	2.3e-19	63.4	191
2930953616	492	SM00062	SMART	93.85	43	266	1.9e-38	125.5	224
2930953618	321	SM00382	SMART	36.96	131	279	2.4e-07	24.4	149
2930953643	117	SM00422	SMART	79.17	13	69	1.3e-17	57	57
2930953647	129	SM00316	SMART	100	4	75	2.2e-24	79.2	72
2930953669	400	SM00382	SMART	72.83	38	188	2.8e-09	30.7	151
2930953690	232	SM00100	SMART	98.37	22	143	9.4e-29	93.5	122
2930953690	232	SM00419	SMART	90	173	221	2.5e-18	59.3	49
2930953701	683	SM00420	SMART	58.49	94	132	1.4e-03	11.6	39
2930953705	419	SM00644	SMART	97.79	53	186	1.1e-34	113.7	134
2930953705	419	SM00287	SMART	50.72	292	336	1.8e-02	8.5	45
2930953705	419	SM00287	SMART	52.17	372	417	1.8e-02	8.5	46
2930953708	563	SM01016	SMART	98.97	1	84	4.3e-29	95.8	84
2930953708	563	SM00836	SMART	100	450	563	2.9e-40	131.5	114
2930953714	324	SM00471	SMART	72.88	163	287	3.0e-06	20.4	125
2930953718	244	SM00382	SMART	83.7	27	211	1.0e-12	41.9	185
2930953726	219	SM00954	SMART	98.48	44	165	4.3e-47	154.5	122
2930953741	781	SM00382	SMART	84.78	449	630	1.8e-06	21.6	182
2930953741	781	SM00843	SMART	100	708	773	2.2e-43	141.3	66
2930953742	40	SM00831	SMART	25.33	2	32	4.9e-03	9.6	31
2930953744	143	SM00966	SMART	38.3	9	30	3.7e-07	23.8	22
2930953744	143	SM00966	SMART	34.04	81	101	3.7e-07	23.8	21
2930953747	719	SM00740	SMART	97.01	600	660	1.9e-21	69.6	61
2930953747	719	SM00740	SMART	88.06	661	717	1.9e-21	69.6	57
2930953752	442	SM00842	SMART	98.97	7	194	4.0e-89	292.3	188
2930953753	419	SM00864	SMART	100	14	206	2.7e-117	385.8	193
2930953756	259	SM00363	SMART	80.95	182	241	2.2e-12	40.4	60
2930953759	74	SM00357	SMART	98.57	3	66	2.2e-23	76.3	64
2930953767	218	SM00855	SMART	98.63	2	162	8.3e-24	77.9	161
2930953768	226	SM00028	SMART	88.24	33	65	1.1e-18	59.9	33
2930953768	226	SM00028	SMART	67.65	72	96	1.1e-18	59.9	25
2930953768	226	SM00028	SMART	94.12	103	136	1.1e-18	59.9	34
2930953768	226	SM00028	SMART	70.59	144	170	1.1e-18	59.9	27
2930953768	226	SM00028	SMART	38.24	189	202	1.1e-18	59.9	14
2930953769	841	SM00278	SMART	80	109	125	4.5e-06	20.4	17
2930953769	841	SM00382	SMART	67.39	360	555	1.0e-09	32.1	196
2930953770	328	SM01400	SMART	100	10	126	2.4e-73	240	117
2930953770	328	SM01400	SMART	7.84	240	255	2.4e-73	240	16
2930953773	292	SM00062	SMART	100	42	270	7.1e-56	183	229
2930953778	335	SM00354	SMART	97.22	4	75	1.3e-24	79.8	72
2930953784	530	SM00257	SMART	97.78	33	78	6.5e-34	109.8	46
2930953784	530	SM00257	SMART	100	85	128	6.5e-34	109.8	44
2930953787	559	SM00849	SMART	93.5	23	217	1.3e-28	94.1	195
2930953799	614	SM00838	SMART	87.5	402	483	3.2e-11	36.1	82
2930953804	349	SM00228	SMART	88.75	98	191	2.1e-10	34.4	94
2930953805	231	SM00278	SMART	95	179	198	8.8e-12	37.9	20
2930953805	231	SM00278	SMART	85	209	225	8.8e-12	37.9	17
2930953807	707	SM00849	SMART	98.37	451	655	2.9e-13	43.7	205
2930953812	89	SM01387	SMART	100	7	88	5.6e-51	166.6	82
2930953813	610	SM00849	SMART	90.24	17	208	1.7e-28	93.8	192
2930953817	418	SM00994	SMART	95.35	10	49	5.1e-25	81.2	40
2930953817	418	SM00382	SMART	90.22	111	270	3.6e-16	53	160
2930953817	418	SM01086	SMART	99.02	316	412	3.2e-35	114.9	97
2930953818	197	SM00382	SMART	25	26	124	4.4e-03	10.7	99
2930953821	605	SM00465	SMART	98.04	16	96	7.9e-23	75.3	81
2930953821	605	SM00278	SMART	85	538	557	2.2e-05	18.3	20
2930953826	129	SM00338	SMART	30.77	73	103	6.0e-04	13.4	31
2930953826	129	SM00338	SMART	29.23	102	128	6.0e-04	13.4	27
2930953832	296	SM00046	SMART	85.99	3	118	6.4e-12	38.6	116
2930953839	154	SM00562	SMART	96.48	4	144	7.4e-57	186	141
2930953841	220	SM00855	SMART	97.26	5	179	1.7e-25	83.5	175
2930953847	82	SM01139	SMART	21.79	3	79	1.6e-03	10.8	77
2930953849	586	SM00382	SMART	77.17	362	554	4.8e-16	52.7	193
2930953850	597	SM00382	SMART	81.52	381	571	4.3e-15	49.6	191
2930953851	213	SM00563	SMART	99.26	34	144	2.4e-31	102.5	111
2930953867	1445	SM00481	SMART	100	339	406	9.3e-30	97	68
2930953867	1445	SM00479	SMART	93.37	424	580	9.2e-42	136.9	157
2930953870	401	SM00316	SMART	88.89	134	199	5.3e-11	36	66
2930953870	401	SM00322	SMART	38.1	245	298	3.6e-10	33.5	54
2930953870	401	SM00322	SMART	53.97	301	366	3.6e-10	33.5	66
2930953876	315	SM00904	SMART	99.27	186	311	5.7e-60	196.2	126
2930953880	382	SM00271	SMART	98.61	4	61	2.2e-31	102.1	58
2930953888	610	SM00838	SMART	85.23	410	488	5.7e-10	32	79
2930953895	245	SM00382	SMART	94.57	100	235	7.7e-11	35.8	136
2930953897	35	SM00756	SMART	12.35	2	27	1.1e-03	11.4	26
2930953904	744	SM00471	SMART	94.92	46	158	3.8e-14	45.9	113
2930953904	744	SM00954	SMART	99.24	240	350	5.1e-71	233.2	111
2930953908	283	SM00287	SMART	92.75	33	93	9.5e-15	48.2	61
2930953908	283	SM00646	SMART	96.32	167	282	2.3e-23	76.4	116
2930953917	309	SM00518	SMART	99.33	5	288	1.4e-102	337.1	284
2930953923	328	SM00382	SMART	56.52	137	288	1.1e-03	12.6	152
2930953926	301	SM00382	SMART	67.39	7	122	2.6e-06	21.2	116
2930953929	691	SM00914	SMART	64.86	661	686	6.1e-02	7	26
2930953930	612	SM00400	SMART	98.18	35	89	8.9e-35	113.1	55
2930953937	870	SM00382	SMART	92.39	200	344	1.2e-29	96.8	145
2930953937	870	SM00382	SMART	81.52	599	740	1.2e-29	96.8	142
2930953937	870	SM01086	SMART	100	770	859	1.3e-33	109.7	90
2930953938	1121	SM00481	SMART	88	3	69	6.4e-19	61.8	67
2930953941	293	SM00316	SMART	40.28	75	118	6.0e-07	23	44
2930953941	293	SM00316	SMART	62.5	174	214	6.0e-07	23	41
2930953946	240	SM00363	SMART	80.95	2	60	9.7e-17	54.5	59
2930953949	473	SM00487	SMART	95.89	14	209	1.5e-30	99.7	196
2930953950	204	SM00257	SMART	93.33	160	204	5.0e-11	36.2	45
2930953951	226	SM00382	SMART	35.87	5	167	2.1e-04	15	163
2930953952	434	SM00316	SMART	81.94	26	86	1.3e-82	267.4	61
2930953952	434	SM00316	SMART	100	118	185	1.3e-82	267.4	68
2930953952	434	SM00316	SMART	98.61	204	274	1.3e-82	267.4	71
2930953952	434	SM00316	SMART	97.22	289	360	1.3e-82	267.4	72
2930953953	435	SM00382	SMART	56.52	2	132	3.1e-10	33.9	131
2930953953	435	SM00382	SMART	33.7	176	362	3.1e-10	33.9	187
2930953954	91	SM00411	SMART	98.97	2	91	1.3e-54	178.6	90
2930953955	419	SM00028	SMART	91.18	33	65	1.3e-15	50.4	33
2930953955	419	SM00028	SMART	70.59	67	93	1.3e-15	50.4	27
2930953955	419	SM00028	SMART	61.76	136	163	1.3e-15	50.4	28
2930953955	419	SM00028	SMART	61.76	175	198	1.3e-15	50.4	24
2930953955	419	SM00028	SMART	55.88	205	232	1.3e-15	50.4	28
2930953955	419	SM00028	SMART	76.47	243	271	1.3e-15	50.4	29
2930953955	419	SM00028	SMART	94.12	272	305	1.3e-15	50.4	34
2930953955	419	SM00028	SMART	76.47	340	367	1.3e-15	50.4	28
2930953958	630	SM00382	SMART	77.17	28	230	6.8e-28	91.1	203
2930953958	630	SM00382	SMART	86.96	344	520	6.8e-28	91.1	177
2930953974	145	SM00418	SMART	94.94	60	137	4.5e-18	58.6	78
2930953976	274	SM00132	SMART	69.23	118	135	6.7e-01	3.7	18
2930953976	274	SM00132	SMART	25	136	154	6.7e-01	3.7	19
2930953979	998	SM00487	SMART	76.26	209	411	3.9e-20	65.5	203
2930953979	998	SM00490	SMART	82.56	542	624	5.9e-12	39	83
2930953986	703	SM00493	SMART	97.12	19	118	2.6e-31	103	100
2930953986	703	SM00436	SMART	97.83	120	208	8.5e-55	178.7	89
2930953986	703	SM00437	SMART	99.35	259	521	9.2e-116	381.2	263
2930953989	470	SM01086	SMART	95.1	362	460	6.7e-28	91	99
2930953991	207	SM01207	SMART	100	8	188	6.6e-82	268.9	181
2930953992	655	SM00433	SMART	99.84	37	636	0.0e+00	1154.7	600
2930953993	815	SM00434	SMART	100	10	463	0.0e+00	829.6	454
2930953995	309	SM01131	SMART	98.57	181	307	7.1e-62	202.7	127
2930954015	48	SM00342	SMART	47.62	1	42	2.1e-16	53.4	42
2930954026	267	SM00422	SMART	95.83	2	70	5.5e-19	61.5	69
2930954027	216	SM00478	SMART	99.44	39	187	8.6e-48	156.7	149
2930954036	142	SM00347	SMART	97.03	21	120	1.7e-13	43.9	100
2930954038	858	SM01096	SMART	98.39	420	540	1.2e-44	145.9	121
2930954039	358	SM01097	SMART	99.34	2	133	2.4e-62	203.9	132
2930954041	307	SM00363	SMART	80.95	12	76	1.1e-12	41.4	65
2930954055	380	SM00981	SMART	94.02	59	155	3.8e-09	30.2	97
2930954057	117	SM00340	SMART	36.36	39	74	2.2e-02	8.3	36
2930954061	120	SM00450	SMART	89.36	22	116	2.5e-13	43.4	95
2930954062	173	SM00347	SMART	97.03	49	150	2.7e-23	75.8	102
2930954066	946	SM00479	SMART	97.96	6	173	1.4e-42	139.5	168
2930954066	946	SM00487	SMART	33.33	253	350	9.5e-14	44.5	98
2930954066	946	SM00487	SMART	8.68	418	482	9.5e-14	44.5	65
2930954066	946	SM00491	SMART	82.5	768	900	4.8e-29	95.1	133
2930954078	58	SM00530	SMART	87.5	1	52	4.7e-10	33.1	52
2930954085	274	SM00530	SMART	98.21	8	62	6.3e-14	45.5	55
2930954085	274	SM00028	SMART	94.12	112	144	8.4e-02	6.9	33
2930954090	488	SM01060	SMART	99.74	6	389	0.0e+00	895.9	384
2930954094	117	SM00422	SMART	95.83	1	69	7.3e-18	57.8	69
2930954101	150	SM00422	SMART	72.22	27	86	3.7e-06	19.7	60
2930954102	159	SM00850	SMART	95.65	61	158	7.3e-23	74.8	98
2930954107	161	SM00347	SMART	85.15	50	144	4.4e-10	32.7	95
2930954108	134	SM00422	SMART	98.61	3	72	1.1e-21	70.3	70
2930954117	466	SM00878	SMART	100	336	443	1.6e-56	185.1	108
2930954125	155	SM00347	SMART	96.04	35	135	3.4e-19	62.4	101
2930954135	390	SM00382	SMART	88.04	18	184	2.7e-06	21.1	167
2930954136	882	SM00831	SMART	100	5	78	1.2e-28	93	74
2930954137	482	SM00963	SMART	98.95	3	87	9.4e-34	110.5	85
2930954137	482	SM00962	SMART	100	101	297	1.2e-116	383.6	197
2930954140	482	SM00963	SMART	97.89	171	252	2.7e-24	79.6	82
2930954140	482	SM00962	SMART	100	270	471	6.4e-124	407.7	202
2930954141	1183	SM00382	SMART	18.48	23	83	5.9e-08	26.5	61
2930954141	1183	SM00968	SMART	98.1	519	638	2.0e-37	122.3	120
2930954141	1183	SM00382	SMART	40.22	983	1160	5.9e-08	26.5	178
2930954142	229	SM00535	SMART	98.57	21	156	1.7e-53	175	136
2930954142	229	SM00358	SMART	98.53	163	229	6.6e-22	71.6	67
2930954145	677	SM00487	SMART	95.43	249	438	1.8e-38	125.7	190
2930954145	677	SM00487	SMART	24.66	483	539	1.8e-38	125.7	57
2930954146	565	SM01120	SMART	98.92	36	201	1.2e-65	215.3	166
2930954146	565	SM01121	SMART	100	242	565	0.0e+00	625.2	324
2930954149	224	SM00983	SMART	97.3	147	210	3.1e-21	69.2	64
2930954152	669	SM00220	SMART	92.21	11	258	1.1e-68	225.2	248
2930954152	669	SM00740	SMART	97.01	363	430	4.8e-38	123.3	68
2930954152	669	SM00740	SMART	100	431	498	4.8e-38	123.3	68
2930954152	669	SM00740	SMART	98.51	499	565	4.8e-38	123.3	67
2930954153	248	SM00331	SMART	92.4	9	240	3.1e-51	168	232
2930954156	805	SM00487	SMART	88.58	265	464	1.2e-29	96.7	200
2930954158	71	SM01409	SMART	94.87	9	62	2.4e-17	56.2	54
2930954159	204	SM00072	SMART	99.51	4	187	5.9e-72	235.8	184
2930954163	566	SM00382	SMART	29.35	21	104	1.3e-04	15.7	84
2930954167	81	SM01358	SMART	13.7	7	76	9.2e-03	9	70
2930954172	186	SM01185	SMART	100	68	122	8.4e-28	90.5	55
2930954172	186	SM00841	SMART	100	130	185	6.4e-36	116.9	56
2930954183	446	SM01230	SMART	99.7	107	356	0.0e+00	468.9	250
2930954184	128	SM00422	SMART	93.06	13	81	2.9e-25	81.9	69
2930954185	307	SM00382	SMART	31.52	3	147	4.3e-04	14	145
2930954188	138	SM00450	SMART	90.43	40	132	3.3e-18	59.2	93
2930954191	226	SM01160	SMART	58.88	59	134	3.4e+00	.8	76
2930954191	226	SM01160	SMART	15.89	155	191	3.4e+00	.8	37
2930954201	223	SM00382	SMART	57.61	6	160	5.4e-08	26.6	155
2930954203	802	SM00873	SMART	99.1	219	392	1.6e-87	287.3	174
2930954203	802	SM00896	SMART	100	709	802	9.4e-44	143.3	94
2930954206	165	SM00471	SMART	79.66	35	143	2.5e-07	23.9	109
2930954207	256	SM00967	SMART	97.92	32	102	1.5e-12	41.8	71
2930954211	536	SM00304	SMART	92.45	218	272	3.3e-08	27.5	55
2930954211	536	SM00388	SMART	98.88	273	340	2.2e-20	67.1	68
2930954211	536	SM00387	SMART	96.92	385	497	3.1e-35	115.3	113
2930954212	228	SM00448	SMART	99.33	2	112	1.3e-44	146.2	111
2930954216	104	SM00418	SMART	94.94	13	91	1.2e-21	70.2	79
2930954218	62	SM00834	SMART	20	23	38	2.9e-02	7.7	16
2930954218	62	SM00834	SMART	15.56	35	55	2.9e-02	7.7	21
2930954223	197	SM00471	SMART	86.44	26	153	1.9e-12	40.4	128
2930954225	102	SM01103	SMART	100	2	85	2.0e-37	121.9	84
2930954236	647	SM00863	SMART	94.2	170	218	1.6e-16	54.4	49
2930954237	308	SM00382	SMART	63.04	156	294	1.3e-07	25.4	139
2930954239	166	SM00355	SMART	56.52	29	46	2.2e-02	9.4	18
2930954241	286	SM01232	SMART	99.16	134	226	1.2e-39	129.7	93
2930954242	886	SM00475	SMART	98.91	4	267	6.5e-130	427.7	264
2930954242	886	SM00474	SMART	83.66	330	477	2.3e-13	43.6	148
2930954242	886	SM00482	SMART	100	644	850	1.8e-112	369.7	207
2930954250	857	SM00382	SMART	73.91	523	710	1.4e-08	28.5	188
2930954250	857	SM00843	SMART	100	774	839	1.3e-32	106.2	66
2930954255	369	SM01003	SMART	100	4	135	3.4e-72	236.4	132
2930954255	369	SM01002	SMART	100	147	296	2.9e-79	260.5	150
2930954256	168	SM00463	SMART	37.23	15	44	6.4e-03	9.8	30
2930954256	168	SM00463	SMART	23.4	66	102	6.4e-03	9.8	37
2930954260	156	SM00363	SMART	60.32	5	60	1.1e-07	25.3	56
2930954264	224	SM00382	SMART	80.43	26	202	1.9e-11	37.8	177
2930954267	213	SM00014	SMART	95.65	88	202	1.3e-28	93.6	115
2930954279	836	SM00382	SMART	22.83	28	81	1.3e-10	35.1	54
2930954279	836	SM00382	SMART	16.3	525	545	1.3e-10	35.1	21
2930954279	836	SM00382	SMART	59.78	626	797	1.3e-10	35.1	172
2930954283	158	SM00347	SMART	73.27	30	124	6.8e-28	90.8	95
2930954290	215	SM00382	SMART	22.83	6	102	1.1e-03	12.7	97
2930954300	189	SM00235	SMART	81.86	40	188	2.6e-13	43.7	149
2930954306	365	SM00382	SMART	96.74	115	247	8.8e-15	48.7	133
2930954311	181	SM00530	SMART	71.43	32	75	3.5e-07	24	44
2930954314	81	SM00530	SMART	91.07	8	64	4.9e-07	23.5	57
2930954315	123	SM00530	SMART	100	9	64	4.8e-17	55.6	56
2930954321	331	SM00382	SMART	28.26	22	224	2.0e-04	15.1	203
2930954329	360	SM00382	SMART	96.74	115	247	9.0e-15	48.7	133
2930954332	100	SM00338	SMART	43.08	41	72	3.1e-04	14.5	32
2930954332	100	SM00338	SMART	56.92	58	99	3.1e-04	14.5	42
2930954345	215	SM00257	SMART	77.78	176	215	4.2e-07	23.7	40
2930954360	367	SM00338	SMART	33.85	204	229	1.8e-02	8.7	26
2930954360	367	SM00338	SMART	63.08	215	257	1.8e-02	8.7	43
2930954361	89	SM00257	SMART	100	46	89	7.3e-10	32.5	44
2930954386	169	SM00530	SMART	71.43	19	62	3.1e-07	24.1	44
2930954390	81	SM00530	SMART	91.07	8	64	4.9e-07	23.5	57
2930954391	123	SM00530	SMART	100	9	64	4.8e-17	55.6	56
2930954397	331	SM00382	SMART	28.26	22	224	2.0e-04	15.1	203
2930954425	696	SM00382	SMART	86.96	90	231	3.0e-29	95.5	142
2930954425	696	SM00382	SMART	75	420	589	3.0e-29	95.5	170
2930954425	696	SM01086	SMART	100	590	677	1.2e-30	100.1	88
2930954427	868	SM00831	SMART	78.67	3	69	3.4e-16	52.6	67
2930954450	441	SM00487	SMART	83.56	13	201	6.0e-45	147.1	189
2930954450	441	SM00490	SMART	84.88	221	325	6.7e-30	97.5	105
2930954454	286	SM00530	SMART	37.5	20	60	1.1e-05	19.2	41
2930954462	432	SM00941	SMART	97.33	345	418	2.3e-32	105.4	74
2930954466	229	SM01133	SMART	99.66	7	220	3.3e-100	330.4	214
2930954467	79	SM00530	SMART	98.21	7	62	4.8e-15	49.2	56
2930954468	118	SM00530	SMART	76.79	12	72	8.5e-14	45.2	61
2930954472	114	SM00877	SMART	77.65	42	113	5.3e-24	78.4	72
2930954481	96	SM00877	SMART	100	3	79	3.1e-40	131.3	77
2930954482	162	SM00877	SMART	100	2	77	2.3e-31	102.4	76
2930954488	238	SM00877	SMART	80	48	127	2.3e-34	112.2	80
2930954488	238	SM00877	SMART	81.18	152	229	2.3e-34	112.2	78
2930954489	92	SM00877	SMART	100	4	80	1.5e-39	129.1	77
2930954490	362	SM00342	SMART	100	181	264	3.2e-32	105.1	84
2930954492	143	SM00382	SMART	27.17	1	118	2.3e-06	21.5	118
2930954494	339	SM00046	SMART	79.62	4	126	8.6e-14	44.9	123
2930954495	473	SM00845	SMART	100	325	471	2.2e-75	247.7	147
2930954499	676	SM00532	SMART	99.78	13	451	0.0e+00	825.5	439
2930954499	676	SM00278	SMART	85	449	468	8.8e-06	19.7	20
2930954499	676	SM00278	SMART	90	483	502	8.8e-06	19.7	20
2930954499	676	SM00292	SMART	90.32	601	674	5.7e-14	46.2	74
2930954505	579	SM00382	SMART	78.26	367	553	2.9e-18	60	187
2930954506	577	SM00382	SMART	75	360	556	8.7e-19	61.7	197
2930954538	290	SM00382	SMART	73.91	36	225	3.5e-16	53.2	190
2930954539	279	SM00382	SMART	94.57	33	217	2.9e-19	63.2	185
2930954542	316	SM00662	SMART	100	18	229	3.0e-100	330.1	212
2930954545	39	SM01384	SMART	11.34	12	39	4.3e-03	8.4	28
2930954546	72	SM00316	SMART	91.67	7	72	2.4e-13	43.8	66
2930954547	219	SM00382	SMART	26.09	4	79	3.8e-03	11	76
2930954547	219	SM00778	SMART	29.27	126	141	1.3e-02	9.2	16
2930954547	219	SM00778	SMART	26.83	150	170	1.3e-02	9.2	21
2930954557	103	SM00739	SMART	89.29	2	29	1.4e-10	34.4	28
2930954558	122	SM01374	SMART	99.32	1	122	1.1e-86	284.3	122
2930954562	219	SM00322	SMART	96.83	59	124	2.6e-12	40.5	66
2930954565	282	SM01383	SMART	100	43	119	1.8e-49	161.9	77
2930954565	282	SM01382	SMART	100	125	256	1.2e-89	294.2	132
2930954569	102	SM01403	SMART	100	7	101	5.3e-65	212.7	95
2930954571	699	SM00889	SMART	100	481	599	3.4e-74	243.3	119
2930954571	699	SM00838	SMART	100	601	688	1.3e-56	184.8	88
2930954576	1215	SM00663	SMART	100	225	504	0.0e+00	563.6	280
2930954580	828	SM00382	SMART	92.39	207	351	1.9e-28	92.8	145
2930954580	828	SM00382	SMART	75	548	690	1.9e-28	92.8	143
2930954580	828	SM01086	SMART	99.02	725	814	9.5e-37	119.9	90
2930954591	210	SM00382	SMART	27.17	1	149	2.4e-04	14.7	149
2930954598	215	SM00529	SMART	99.01	23	122	8.9e-41	132.8	100
2930954598	215	SM00899	SMART	96.67	142	215	4.1e-12	40	74
2930954601	145	SM00422	SMART	79.17	19	78	5.7e-15	48.3	60
2930954618	187	SM01266	SMART	100	6	60	2.6e-20	66.2	55
2930954620	242	SM01007	SMART	98.94	7	197	2.7e-69	227.9	191
2930954623	361	SM00345	SMART	100	8	67	7.7e-20	64.4	60
2930954626	47	SM01266	SMART	66.15	6	43	3.9e-10	33.3	38
2930954627	296	SM00418	SMART	72.15	13	72	2.5e-16	52.9	60
2930954630	496	SM00813	SMART	100	290	486	1.7e-67	221.8	197
2930954631	591	SM00487	SMART	94.06	15	212	5.1e-34	111	198
2930954631	591	SM00487	SMART	31.96	243	303	5.1e-34	111	61
2930954631	591	SM00956	SMART	98.43	405	508	2.2e-41	135.2	104
2930954631	591	SM00341	SMART	92.59	515	591	1.5e-25	83	77
2930954632	140	SM00419	SMART	68	22	62	4.5e-03	10.2	41
2930954639	748	SM00365	SMART	95.45	360	382	1.0e-03	12.9	23
2930954639	748	SM00364	SMART	60	382	397	1.4e-02	9.4	16
2930954645	216	SM00855	SMART	98.63	4	176	5.9e-24	78.4	173
2930954646	319	SM00382	SMART	78.26	39	243	6.7e-18	58.6	205
2930954647	366	SM00382	SMART	94.57	36	235	4.3e-19	62.5	200
2930954652	425	SM00382	SMART	34.78	200	299	2.3e-06	21.3	100
2930954655	278	SM00062	SMART	98.36	43	266	1.7e-68	224.6	224
2930954656	246	SM00382	SMART	72.83	28	229	1.4e-19	64.1	202
2930954660	190	SM00382	SMART	17.39	2	140	4.5e-04	13.8	139
2930954663	811	SM00940	SMART	100	1	159	2.2e-84	276.8	159
2930954663	811	SM00939	SMART	99.72	544	805	1.8e-76	252	262
2930954666	518	SM00382	SMART	78.26	28	266	1.2e-22	74	239
2930954666	518	SM00382	SMART	75	345	511	1.2e-22	74	167
2930954669	257	SM00382	SMART	85.87	36	230	5.1e-14	46.1	195
2930954675	256	SM00382	SMART	83.7	35	231	9.7e-14	45.2	197
2930954685	207	SM00047	SMART	93.48	58	206	1.8e-40	132.5	149
2930954695	156	SM00422	SMART	59.72	19	81	5.9e-16	51.5	63
2930954698	220	SM00855	SMART	97.26	6	181	1.6e-23	77	176
2930954711	252	SM00421	SMART	63.16	72	111	1.1e-05	18.2	40
2930954713	58	SM01059	SMART	23.81	7	58	8.6e-22	70.2	52
2930954714	157	SM01059	SMART	70.95	1	145	3.7e-76	249.7	145
2930954718	469	SM00382	SMART	71.74	30	233	3.0e-31	101.9	204
2930954718	469	SM00382	SMART	79.35	277	466	3.0e-31	101.9	190
2930954725	79	SM00647	SMART	46.15	1	61	6.0e-06	19.4	61
2930954728	324	SM00870	SMART	100	3	316	0.0e+00	475.6	314
2930954731	298	SM00382	SMART	95.65	27	206	5.3e-14	46	180
2930954741	228	SM00419	SMART	96	164	218	6.4e-07	22.6	55
2930954743	253	SM01001	SMART	81.82	118	245	4.6e-41	133.8	128
2930954752	370	SM00382	SMART	97.83	30	213	1.0e-20	67.8	184
2930954756	267	SM00382	SMART	77.17	47	247	6.0e-11	36.1	201
2930954765	788	SM00487	SMART	20.09	186	279	1.3e-08	27.5	94
2930954765	788	SM00487	SMART	26.03	292	405	1.3e-08	27.5	114
2930954776	354	SM00644	SMART	97.79	57	195	3.3e-36	118.7	139
2930954786	167	SM00347	SMART	82.18	28	122	8.0e-20	64.4	95
2930954792	221	SM00382	SMART	96.74	29	208	2.3e-16	53.6	180
2930954805	264	SM00893	SMART	98.27	22	215	2.4e-59	194.8	194
2930954806	321	SM00893	SMART	87.88	6	190	2.5e-36	119	185
2930954806	321	SM00893	SMART	6.93	215	237	2.5e-36	119	23
2930954809	112	SM00418	SMART	96.2	16	97	8.8e-21	67.5	82
2930954816	147	SM01022	SMART	99.3	25	147	2.4e-41	135.9	123
2930954821	284	SM00530	SMART	91.07	6	59	1.5e-11	37.9	54
2930954821	284	SM00028	SMART	70.59	150	178	2.4e-04	15	29
2930954828	202	SM01266	SMART	100	5	57	1.2e-16	54.5	53
2930954839	49	SM00461	SMART	30.65	9	47	5.1e-03	9.7	39
2930954840	79	SM01117	SMART	98.41	6	78	6.4e-15	49.1	73
2930954842	67	SM00357	SMART	98.57	3	66	6.7e-33	107.3	64
2930954845	379	SM00478	SMART	98.88	44	195	3.5e-52	171.1	152
2930954856	354	SM00382	SMART	95.65	35	238	1.4e-17	57.7	204
2930954856	354	SM00930	SMART	98.82	271	346	6.1e-31	100.7	76
2930954860	34	SM00243	SMART	26.32	3	26	1.2e-02	8.3	24
2930954863	1049	SM00382	SMART	21.74	27	94	2.8e-05	17.8	68
2930954867	316	SM00641	SMART	16.26	38	63	5.2e-04	13.1	26
2930954867	316	SM00641	SMART	51.22	161	227	5.2e-04	13.1	67
2930954871	142	SM00422	SMART	98.61	6	74	1.9e-28	92.4	69
2930954873	133	SM00347	SMART	90.1	26	121	4.3e-12	39.3	96
2930954883	307	SM00342	SMART	98.81	177	260	1.4e-33	109.4	84
2930954888	550	SM00382	SMART	83.7	31	223	1.2e-28	93.5	193
2930954888	550	SM00382	SMART	73.91	326	506	1.2e-28	93.5	181
2930954895	574	SM00014	SMART	86.34	173	290	2.4e-11	37	118
2930954900	589	SM00382	SMART	80.43	375	564	1.5e-16	54.3	190
2930954901	177	SM00347	SMART	91.09	40	133	6.4e-25	81.1	94
2930954905	236	SM00382	SMART	68.48	29	214	3.0e-15	50.1	186
2930954906	124	SM00345	SMART	100	13	72	4.9e-20	65.1	60
2930954913	231	SM01418	SMART	47.06	3	39	1.5e-02	9	37
2930954913	231	SM00287	SMART	26.09	176	224	1.0e-01	6.1	49
2930954929	226	SM00100	SMART	96.75	19	137	1.7e-09	31	119
2930954929	226	SM00419	SMART	72	181	224	9.1e-07	22.2	44
2930954940	160	SM00422	SMART	98.61	3	71	5.2e-25	81.1	69
2930954944	230	SM00855	SMART	100	3	189	3.5e-29	95.5	187
2930954948	302	SM00028	SMART	52.94	33	64	8.5e-02	6.9	32
2930954949	396	SM00248	SMART	63.33	353	379	8.7e-04	13.4	27
2930954956	439	SM00936	SMART	100	317	424	1.9e-13	44	108
2930954957	388	SM00304	SMART	66.04	96	141	3.8e-03	11.3	46
2930954957	388	SM00388	SMART	97.75	149	216	5.5e-17	56.2	68
2930954957	388	SM00387	SMART	99.23	262	374	1.5e-37	122.9	113
2930954958	229	SM00448	SMART	100	1	112	5.6e-45	147.5	112
2930954959	379	SM01240	SMART	100	11	367	0.0e+00	789.1	357
2930954962	366	SM00382	SMART	34.78	3	108	4.9e-04	13.8	106
2930954964	294	SM00470	SMART	97.12	30	122	3.6e-33	108.6	93
2930954965	255	SM00382	SMART	48.91	12	168	2.5e-04	14.8	157
2930954966	278	SM00470	SMART	100	26	116	6.0e-32	104.7	91
2930954979	126	SM00347	SMART	87.13	34	123	5.0e-11	35.8	90
2930954983	355	SM00421	SMART	47.37	21	60	3.6e-04	13.3	40
2930954987	126	SM01321	SMART	88.16	15	126	3.9e-33	108.3	112
2930954999	592	SM00382	SMART	40.22	2	177	9.8e-10	32.3	176
2930955006	216	SM00382	SMART	79.35	32	209	1.3e-17	57.8	178
2930955016	158	SM00530	SMART	82.14	1	46	1.8e-15	50.5	46
2930955017	164	SM00422	SMART	98.61	3	72	1.2e-23	76.7	70
2930955021	111	SM00422	SMART	97.22	4	72	4.5e-26	84.6	69
2930955024	439	SM00382	SMART	93.48	51	165	2.9e-16	53.4	115
2930955025	535	SM00322	SMART	88.89	205	273	8.8e-08	25.8	69
2930955025	535	SM00471	SMART	94.92	330	436	1.3e-15	50.6	107
2930955029	139	SM00530	SMART	100	5	70	1.6e-13	44.2	66
2930955041	150	SM00347	SMART	79.21	28	118	2.9e-17	56.1	91
2930955043	115	SM00418	SMART	93.67	27	104	7.4e-16	51.4	78
2930955050	103	SM00530	SMART	98.21	8	63	4.4e-22	71.8	56
2930955057	564	SM00564	SMART	36.36	213	224	3.9e-03	11	12
2930955057	564	SM00564	SMART	81.82	364	393	3.9e-03	11	30
2930955061	325	SM00354	SMART	100	4	74	3.2e-32	104.6	71
2930955066	465	SM00345	SMART	93.33	17	76	1.5e-22	73.2	60
2930955068	259	SM00382	SMART	93.48	37	220	3.2e-20	66.2	184
2930955086	277	SM00855	SMART	95.89	40	227	3.2e-16	53.2	188
2930955096	332	SM00354	SMART	94.44	2	72	1.6e-23	76.1	71
2930955098	557	SM00642	SMART	100	13	425	0.0e+00	514.7	413
2930955101	140	SM00422	SMART	98.61	3	72	2.5e-22	72.3	70
2930955102	245	SM00382	SMART	94.57	100	235	7.3e-11	35.8	136
2930955107	150	SM00347	SMART	79.21	31	124	1.6e-21	70	94
2930955112	128	SM00418	SMART	67.09	23	91	5.1e-04	12.8	69
2930955115	226	SM00100	SMART	86.18	18	133	3.3e-18	59.2	116
2930955126	227	SM00382	SMART	77.17	32	220	5.5e-18	58.9	189
2930955133	243	SM01007	SMART	98.94	7	198	7.7e-66	216.6	192
2930955138	346	SM00354	SMART	97.22	14	85	1.5e-23	76.2	72
2930955142	543	SM01274	SMART	98.91	69	251	5.7e-84	275.8	183
2930955142	543	SM00919	SMART	99.33	261	517	6.1e-107	351.7	257
2930955143	295	SM00347	SMART	19.8	15	87	8.0e-05	15.5	73
2930955153	418	SM00363	SMART	76.19	359	413	1.1e-09	31.7	55
2930955156	52	SM00834	SMART	35.56	5	30	1.3e-04	15.2	26
2930955156	52	SM00834	SMART	17.78	35	51	1.3e-04	15.2	17
2930955165	287	SM00342	SMART	94.05	191	272	7.0e-22	71.2	82
2930955178	216	SM00855	SMART	98.63	5	178	2.8e-22	72.9	174
2930955181	233	SM00934	SMART	100	3	230	6.5e-81	265.8	228
2930955188	248	SM00345	SMART	98.33	31	92	4.3e-15	48.9	62
2930955188	248	SM00866	SMART	71.51	113	239	6.3e-18	59	127
2930955191	651	SM00889	SMART	97.89	392	504	5.2e-26	84.9	113
2930955191	651	SM00838	SMART	73.86	511	593	2.2e-07	23.5	83
2930955192	357	SM00419	SMART	68	12	54	4.6e-03	10.1	43
2930955194	433	SM00710	SMART	86.36	184	209	5.9e-03	10.8	26
2930955194	433	SM00710	SMART	95.45	211	242	5.9e-03	10.8	32
2930955194	433	SM00710	SMART	95.45	245	266	5.9e-03	10.8	22
2930955194	433	SM00710	SMART	90.91	272	293	5.9e-03	10.8	22
2930955202	205	SM01266	SMART	96.92	4	58	3.3e-20	65.9	55
2930955205	212	SM01057	SMART	5.12	6	37	2.8e-40	131.4	32
2930955205	212	SM01057	SMART	70.31	51	206	2.8e-40	131.4	156
2930955206	388	SM00382	SMART	65.22	38	261	1.5e-08	28.4	224
2930955207	67	SM00530	SMART	98.21	4	59	1.3e-19	63.7	56
2930955211	822	SM00365	SMART	72.73	311	331	2.2e-04	15	21
2930955211	822	SM00783	SMART	14.29	498	511	2.1e-01	4.1	14
2930955211	822	SM00783	SMART	14.29	564	592	2.1e-01	4.1	29
2930955211	822	SM00783	SMART	38.57	642	670	2.1e-01	4.1	29
2930955212	881	SM00368	SMART	82.14	288	312	4.1e-05	17.2	25
2930955213	155	SM00347	SMART	74.26	31	127	4.0e-17	55.6	97
2930955217	200	SM00100	SMART	39.84	20	120	2.3e-07	23.9	101
2930955221	149	SM00422	SMART	98.61	1	70	3.4e-21	68.6	70
2930955225	123	SM00422	SMART	77.78	13	76	5.3e-18	58.2	64
2930955228	321	SM01038	SMART	99.68	17	316	3.6e-102	336	300
2930955231	285	SM00185	SMART	60.53	224	260	5.4e-03	10.6	37
2930955233	253	SM00342	SMART	78.57	180	246	1.0e-23	77.2	67
2930955243	176	SM00419	SMART	66	52	100	1.9e-05	17.8	49
2930955243	176	SM00569	SMART	51.61	107	150	8.8e-04	13	44
2930955244	311	SM00382	SMART	86.96	31	218	1.5e-15	51.1	188
2930955250	594	SM00287	SMART	69.57	405	461	2.2e-06	21.1	57
2930955250	594	SM00287	SMART	81.16	511	578	2.2e-06	21.1	68
2930955252	735	SM00287	SMART	75.36	15	77	3.1e-09	30.3	63
2930955252	735	SM00287	SMART	59.42	139	198	3.1e-09	30.3	60
2930955252	735	SM00287	SMART	65.22	266	318	3.1e-09	30.3	53
2930955258	238	SM00530	SMART	98.21	9	65	1.1e-16	54.3	57
2930955264	301	SM00342	SMART	95.24	200	282	1.7e-22	73.2	83
2930955265	485	SM00155	SMART	90	217	244	3.5e-17	55.2	28
2930955265	485	SM00155	SMART	96.67	398	425	3.5e-17	55.2	28
2930955266	51	SM01398	SMART	15.79	12	51	3.5e-03	10	40
2930955272	101	SM00153	SMART	33.33	14	26	1.7e-02	8.5	13
2930955272	101	SM00153	SMART	30.56	52	64	1.7e-02	8.5	13
2930955275	154	SM00347	SMART	95.05	27	127	5.6e-22	71.4	101
2930955287	636	SM01228	SMART	98.61	554	625	9.8e-41	132.8	72
2930955288	464	SM00382	SMART	23.91	224	353	1.5e-04	15.6	130
2930955289	254	SM01245	SMART	100	3	54	1.2e-20	67.6	52
2930955289	254	SM00393	SMART	90.36	178	254	3.2e-18	59.7	77
2930955293	453	SM00942	SMART	78.87	225	280	3.5e-07	24	56
2930955293	453	SM00419	SMART	56	338	372	5.5e-05	16.6	35
2930955305	433	SM00278	SMART	75	194	210	1.1e-03	13.3	17
2930955311	705	SM00493	SMART	95.68	2	130	6.3e-16	52.8	129
2930955311	705	SM00437	SMART	98.06	271	527	1.5e-32	106.2	257
2930955313	597	SM00382	SMART	89.13	43	184	3.0e-24	79.4	142
2930955313	597	SM00382	SMART	73.91	318	459	3.0e-24	79.4	142
2930955330	205	SM00857	SMART	99.46	2	145	8.8e-51	166.7	144
2930955340	65	SM00530	SMART	98.21	4	59	4.9e-21	68.5	56
2930955349	242	SM00530	SMART	100	38	93	2.5e-18	59.8	56
2930955350	718	SM00382	SMART	77.17	510	695	1.5e-19	64.2	186
2930955358	216	SM01083	SMART	40.54	135	166	1.7e-02	9.3	32
2930955359	650	SM00382	SMART	45.65	249	357	6.7e-03	10.3	109
2930955366	175	SM00340	SMART	27.27	74	102	3.2e-03	11.2	29
2930955366	175	SM00340	SMART	43.18	121	147	3.2e-03	11.2	27
2930955367	854	SM00487	SMART	74.89	32	191	8.0e-17	54.8	160
2930955383	261	SM00382	SMART	48.91	12	173	3.8e-03	11.1	162
2930955388	704	SM00382	SMART	93.48	117	263	3.3e-28	92.3	147
2930955388	704	SM00382	SMART	75	448	611	3.3e-28	92.3	164
2930955388	704	SM01086	SMART	100	614	701	1.4e-33	109.8	88
2930955395	194	SM00857	SMART	99.46	3	142	6.3e-47	154.1	140
2930955398	92	SM00530	SMART	92.86	36	88	2.7e-16	53.3	53
2930955401	381	SM00382	SMART	93.48	166	307	1.2e-11	38.6	142
2930955424	83	SM00530	SMART	46.43	18	69	1.8e-04	15.3	52
2930955428	428	SM01193	SMART	100	5	134	1.1e-91	300.9	130
2930955428	428	SM01192	SMART	95	138	419	0.0e+00	573.3	282
2930955429	325	SM00831	SMART	76	5	62	4.9e-13	42.4	58
2930955434	29	SM00857	SMART	18.28	3	28	1.2e-09	31.5	26
2930955445	472	SM00942	SMART	83.1	243	298	4.2e-07	23.8	56
2930955445	472	SM00419	SMART	54	356	391	6.0e-05	16.4	36
2930955453	172	SM00421	SMART	57.89	3	44	1.5e-04	14.7	42
2930955456	195	SM00857	SMART	99.46	3	142	3.3e-46	151.7	140
2930955459	287	SM00563	SMART	96.3	96	212	1.2e-13	44.7	117
2930955462	583	SM00382	SMART	78.26	366	554	3.5e-15	50.1	189
2930955470	1566	SM00487	SMART	74.89	165	377	7.6e-15	48.3	213
2930955470	1566	SM00490	SMART	73.26	516	591	9.6e-08	25.5	76
2930955471	171	SM00530	SMART	98.21	6	61	9.9e-20	64.3	56
2930955474	87	SM00966	SMART	97.87	11	56	3.8e-10	33.6	46
2930955480	214	SM00213	SMART	50	99	152	5.4e-03	10.2	54
