gene_oid	gene_length	feature_type	start_coord	end_coord
2930947527	535	cleavage	24	25
2930947529	258	cleavage	29	30
2930947531	533	cleavage	27	28
2930947540	89	cleavage	28	29
2930947542	536	cleavage	24	25
2930947544	333	cleavage	22	23
2930947555	153	cleavage	30	31
2930947556	627	cleavage	27	28
2930947617	271	cleavage	31	32
2930947639	191	cleavage	30	31
2930947641	920	cleavage	30	31
2930947642	216	cleavage	30	31
2930947644	116	cleavage	33	34
2930947650	165	cleavage	29	30
2930947672	60	cleavage	28	29
2930947693	602	cleavage	20	21
2930947749	310	cleavage	21	22
2930947758	344	cleavage	23	24
2930947759	290	cleavage	25	26
2930947772	199	cleavage	31	32
2930947773	715	cleavage	25	26
2930947786	331	cleavage	24	25
2930947795	423	cleavage	29	30
2930947804	250	cleavage	34	35
2930947829	213	cleavage	30	31
2930947843	98	cleavage	30	31
2930947867	361	cleavage	26	27
2930947892	603	cleavage	39	40
2930947895	258	cleavage	29	30
2930947897	695	cleavage	37	38
2930947907	401	cleavage	20	21
2930947971	153	cleavage	27	28
2930948013	111	cleavage	25	26
2930948015	568	cleavage	31	32
2930948023	191	cleavage	26	27
2930948024	207	cleavage	28	29
2930948025	210	cleavage	27	28
2930948026	343	cleavage	28	29
2930948028	143	cleavage	27	28
2930948029	228	cleavage	28	29
2930948030	224	cleavage	25	26
2930948031	347	cleavage	27	28
2930948032	711	cleavage	28	29
2930948033	716	cleavage	26	27
2930948102	304	cleavage	22	23
2930948203	368	cleavage	28	29
2930948228	477	cleavage	30	31
2930948235	396	cleavage	30	31
2930948236	256	cleavage	28	29
2930948260	141	cleavage	24	25
2930948336	280	cleavage	22	23
2930948380	492	cleavage	29	30
2930948398	213	cleavage	30	31
2930948399	741	cleavage	24	25
2930948400	619	cleavage	33	34
2930948488	300	cleavage	26	27
2930948588	321	cleavage	23	24
2930948612	406	cleavage	28	29
2930948622	226	cleavage	29	30
2930948846	145	cleavage	25	26
2930948858	251	cleavage	28	29
2930948894	530	cleavage	31	32
2930948895	340	cleavage	27	28
2930948902	549	cleavage	21	22
2930948904	292	cleavage	21	22
2930948963	305	cleavage	18	19
2930948974	419	cleavage	30	31
2930949008	189	cleavage	29	30
2930949039	708	cleavage	27	28
2930949107	381	cleavage	18	19
2930949261	541	cleavage	34	35
2930949262	539	cleavage	21	22
2930949266	278	cleavage	18	19
2930949269	181	cleavage	22	23
2930949282	321	cleavage	28	29
2930949290	437	cleavage	25	26
2930949300	156	cleavage	31	32
2930949311	220	cleavage	29	30
2930949318	392	cleavage	33	34
2930949319	307	cleavage	34	35
2930949360	296	cleavage	56	57
2930949376	356	cleavage	31	32
2930949382	294	cleavage	25	26
2930949389	587	cleavage	33	34
2930949441	551	cleavage	23	24
2930949455	546	cleavage	28	29
2930949462	308	cleavage	34	35
2930949463	316	cleavage	32	33
2930949470	413	cleavage	27	28
2930949478	235	cleavage	23	24
2930949479	349	cleavage	28	29
2930949488	574	cleavage	32	33
2930949495	225	cleavage	25	26
2930949504	230	cleavage	20	21
2930949517	133	cleavage	20	21
2930949533	317	cleavage	33	34
2930949548	427	cleavage	30	31
2930949550	439	cleavage	33	34
2930949575	611	cleavage	33	34
2930949576	453	cleavage	30	31
2930949577	462	cleavage	30	31
2930949610	109	cleavage	24	25
2930949652	564	cleavage	32	33
2930949675	183	cleavage	26	27
2930949687	277	cleavage	28	29
2930949694	195	cleavage	19	20
2930949696	166	cleavage	28	29
2930949697	162	cleavage	28	29
2930949765	181	cleavage	34	35
2930949771	134	cleavage	28	29
2930949782	432	cleavage	30	31
2930949793	301	cleavage	29	30
2930949818	179	cleavage	28	29
2930949844	205	cleavage	24	25
2930949850	111	cleavage	29	30
2930949867	127	cleavage	27	28
2930949927	338	cleavage	32	33
2930949928	185	cleavage	26	27
2930949954	156	cleavage	25	26
2930949971	219	cleavage	27	28
