gene_oid	gene_length	superfam_id	db_name	percent_identity	query_start	query_end	evalue	bit_score	align_length
2930947516	452	SM00382	SMART	82.61	149	277	9.5e-13	41.8	129
2930947516	452	SM00760	SMART	100	360	429	1.0e-42	138.9	70
2930947517	379	SM00480	SMART	99.73	17	374	0.0e+00	473	358
2930947519	384	SM00382	SMART	25	35	370	1.6e-03	11.9	336
2930947520	647	SM00433	SMART	99.84	44	641	0.0e+00	1180.4	598
2930947521	844	SM00434	SMART	99.81	13	466	0.0e+00	937.7	454
2930947537	462	SM00382	SMART	65.22	205	389	6.2e-05	16.5	185
2930947546	238	SM00448	SMART	100	3	113	3.2e-49	161.2	111
2930947547	618	SM00304	SMART	98.11	205	257	4.2e-16	52.6	53
2930947547	618	SM00091	SMART	92.65	264	328	2.4e-13	43.1	65
2930947547	618	SM00388	SMART	98.88	377	444	8.2e-25	81.3	68
2930947547	618	SM00387	SMART	98.46	495	607	3.8e-43	141	113
2930947549	284	SM00722	SMART	66.97	37	189	7.4e+00	.4	153
2930947550	275	SM00849	SMART	85.77	23	197	9.9e-16	51.7	175
2930947551	447	SM00228	SMART	96.25	332	420	6.1e-10	32.8	89
2930947566	198	SM01266	SMART	98.46	7	59	3.5e-15	49.5	53
2930947575	282	SM00244	SMART	98.88	2	159	3.2e-30	98.7	158
2930947577	245	SM00497	SMART	45.28	30	67	2.7e+00	2	38
2930947601	56	SM01104	SMART	20.47	10	54	3.4e-02	7	45
2930947608	104	SM00530	SMART	100	6	61	2.3e-16	53.1	56
2930947611	480	SM01350	SMART	100	182	477	0.0e+00	670.8	296
2930947612	142	SM00347	SMART	85.15	21	118	2.0e-15	49.9	98
2930947617	271	SM00287	SMART	56.52	32	80	1.2e-01	5.7	49
2930947622	506	SM00382	SMART	84.78	28	154	2.4e-29	95.6	127
2930947622	506	SM00382	SMART	86.96	293	459	2.4e-29	95.6	167
2930947626	322	SM00354	SMART	98.61	3	74	4.9e-28	90.8	72
2930947627	451	SM00116	SMART	91.49	232	281	4.5e-13	42.3	50
2930947627	451	SM00116	SMART	82.98	295	338	4.5e-13	42.3	44
2930947627	451	SM01091	SMART	98.18	359	439	2.8e-15	49.7	81
2930947639	191	SM00257	SMART	97.78	33	76	3.1e-18	59.2	44
2930947641	920	SM00369	SMART	75	284	302	5.9e-06	19.6	19
2930947641	920	SM00369	SMART	66.67	307	324	5.9e-06	19.6	18
2930947642	216	SM00257	SMART	97.78	33	77	5.6e-15	48.7	45
2930947650	165	SM00722	SMART	83.49	4	127	1.9e+00	2.4	124
2930947652	297	SM00382	SMART	83.7	31	233	4.5e-15	49.3	203
2930947653	218	SM00471	SMART	93.22	21	138	3.4e-11	36.2	118
2930947661	220	SM00855	SMART	95.89	5	177	1.9e-23	76.6	173
2930947665	233	SM00345	SMART	98.33	11	69	5.4e-20	64.7	59
2930947665	233	SM00895	SMART	96.26	80	204	1.4e-14	48.6	125
2930947667	335	SM00354	SMART	88.89	3	73	1.8e-24	79.2	71
2930947678	241	SM00345	SMART	96.67	9	67	3.9e-16	52.2	59
2930947678	241	SM00866	SMART	97.21	93	230	4.8e-36	118.3	138
2930947682	251	SM00448	SMART	96	3	124	6.9e-13	42	122
2930947682	251	SM00850	SMART	97.39	152	246	2.8e-17	56.4	95
2930947696	324	SM00382	SMART	76.09	39	247	2.6e-14	46.9	209
2930947697	337	SM00382	SMART	92.39	36	242	1.7e-18	60.4	207
2930947721	530	SM00091	SMART	52.94	217	266	4.1e-07	23.2	50
2930947721	530	SM00387	SMART	90.77	420	526	4.5e-18	58.9	107
2930947722	238	SM00448	SMART	99.33	1	116	2.2e-25	83	116
2930947727	287	SM00834	SMART	26.67	1	17	2.6e-02	7.6	17
2930947727	287	SM00834	SMART	17.78	17	31	2.6e-02	7.6	15
2930947737	150	SM00347	SMART	97.03	22	121	1.5e-24	79.7	100
2930947741	216	SM00529	SMART	98.02	22	121	8.2e-30	96.8	100
2930947745	328	SM01240	SMART	14.14	5	76	9.0e-124	407.2	72
2930947745	328	SM01240	SMART	53.54	84	325	9.0e-124	407.2	242
2930947746	428	SM00788	SMART	99.76	3	421	0.0e+00	964.7	419
2930947747	432	SM00998	SMART	100	349	429	6.0e-41	133.4	81
2930947750	264	SM00404	SMART	23.91	114	186	3.5e-04	13.7	73
2930947752	613	SM00944	SMART	97.96	40	180	7.4e-37	120.5	141
2930947756	215	SM00478	SMART	98.32	39	196	6.1e-23	74.8	158
2930947776	138	SM00344	SMART	75.89	3	89	1.5e-22	73.1	87
2930947778	309	SM00382	SMART	96.74	26	221	9.1e-21	67.8	196
2930947782	164	SM00347	SMART	85.15	48	140	6.3e-16	51.6	93
2930947783	915	SM00831	SMART	98.67	26	99	2.0e-30	98.7	74
2930947787	190	SM01266	SMART	100	5	59	3.5e-19	62.5	55
2930947810	181	SM00347	SMART	72.28	37	132	3.4e-19	62.3	96
2930947813	758	SM00382	SMART	18.48	29	48	3.6e-12	40	20
2930947813	758	SM00382	SMART	31.52	262	414	3.6e-12	40	153
2930947813	758	SM00382	SMART	66.3	477	719	3.6e-12	40	243
2930947820	401	SM00382	SMART	86.96	28	214	1.3e-18	60.8	187
2930947820	401	SM00116	SMART	93.62	259	307	4.9e-18	58.2	49
2930947820	401	SM00116	SMART	93.62	319	367	4.9e-18	58.2	49
2930947832	61	SM00487	SMART	10.05	10	60	4.1e-03	9.4	51
2930947833	159	SM00382	SMART	40.22	8	151	6.2e-06	19.8	144
2930947834	545	SM00642	SMART	100	14	407	1.2e-124	411.1	394
2930947835	138	SM00347	SMART	82.18	13	108	2.7e-13	43	96
2930947841	412	SM00304	SMART	81.13	134	183	1.5e-03	12.4	50
2930947841	412	SM00388	SMART	96.63	190	257	5.3e-20	65.7	68
2930947841	412	SM00387	SMART	98.46	298	410	4.9e-36	117.7	113
2930947842	233	SM00448	SMART	99.33	3	115	2.2e-43	142	113
2930947849	252	SM00346	SMART	97.8	9	98	2.0e-17	56.2	90
2930947861	87	SM01049	SMART	25.96	1	46	7.8e-03	9.2	46
2930947861	87	SM01049	SMART	19.23	65	86	7.8e-03	9.2	22
2930947875	59	SM01358	SMART	14.44	2	51	8.0e-04	12.3	50
2930947876	145	SM00954	SMART	74.24	2	107	5.5e-35	114.6	106
2930947881	230	SM00448	SMART	98.67	5	115	1.0e-34	113.6	111
2930947882	446	SM00388	SMART	97.75	210	277	7.1e-18	58.8	68
2930947882	446	SM00387	SMART	98.46	322	434	1.9e-36	119	113
2930947883	321	SM00354	SMART	94.44	1	70	1.4e-28	92.6	70
2930947891	127	SM00347	SMART	72.28	29	112	7.7e-14	44.8	84
2930947903	146	SM00419	SMART	70	19	61	3.0e-03	10.6	43
2930947906	120	SM00418	SMART	51.9	15	71	7.5e-08	25.1	57
2930947909	252	SM00382	SMART	77.17	36	245	3.0e-14	46.7	210
2930947911	123	SM00345	SMART	100	15	74	2.4e-13	43.2	60
2930947917	112	SM00418	SMART	97.47	21	99	9.9e-30	96.4	79
2930947922	286	SM00342	SMART	100	193	276	8.5e-29	93.6	84
2930947923	543	SM00382	SMART	82.61	26	230	5.2e-21	68.6	205
2930947923	543	SM00382	SMART	77.17	359	518	5.2e-21	68.6	160
2930947930	124	SM00345	SMART	93.33	16	74	3.7e-22	71.8	59
2930947931	297	SM00382	SMART	77.17	27	289	2.2e-15	50.4	263
2930947944	122	SM00347	SMART	60.4	43	119	2.6e-07	23.5	77
2930947948	419	SM00363	SMART	46.03	361	416	1.1e-07	25.1	56
2930947956	294	SM00530	SMART	98.21	7	61	9.1e-10	32	55
2930947967	207	SM00934	SMART	99.63	2	201	2.2e-21	69.2	200
2930947968	180	SM00382	SMART	32.61	78	159	1.6e-03	12	82
2930947969	328	SM00354	SMART	98.61	8	79	5.1e-32	103.8	72
2930947983	296	SM00650	SMART	100	39	215	1.1e-83	274.1	177
2930947986	192	SM00986	SMART	95.2	28	184	1.0e-20	67.5	157
2930947989	386	SM00419	SMART	70	24	62	2.0e-05	17.6	39
2930947996	232	SM00382	SMART	85.87	31	213	1.4e-16	54.3	183
2930948002	326	SM01400	SMART	100	10	126	1.9e-86	283	117
2930948004	138	SM00422	SMART	91.67	1	69	9.5e-19	60.5	69
2930948005	242	SM00345	SMART	100	9	67	2.4e-15	49.7	59
2930948005	242	SM00866	SMART	96.09	94	232	3.1e-35	115.6	139
2930948008	452	SM00471	SMART	93.22	57	194	6.9e-16	51.2	138
2930948016	140	SM00347	SMART	93.07	24	120	5.9e-11	35.4	97
2930948034	156	SM00226	SMART	99.35	3	150	3.4e-47	154.3	148
2930948039	523	SM00487	SMART	100	20	217	5.5e-71	232.3	198
2930948039	523	SM00487	SMART	19.18	251	315	5.5e-71	232.3	65
2930948042	373	SM01005	SMART	100	247	372	1.5e-71	233.9	126
2930948045	213	SM00116	SMART	65.96	12	54	8.7e-09	28.6	43
2930948051	1180	SM01058	SMART	100	495	592	1.3e-53	175.3	98
2930948051	1180	SM00487	SMART	95.89	616	806	1.4e-38	125.8	191
2930948051	1180	SM00487	SMART	13.7	844	895	1.4e-38	125.8	52
2930948051	1180	SM00982	SMART	85.58	1019	1117	3.1e-39	127.9	99
2930948053	90	SM00363	SMART	84.13	1	64	2.7e-14	46.4	64
2930948055	181	SM00316	SMART	100	4	74	1.8e-28	92.3	71
2930948056	450	SM00977	SMART	89.53	375	446	7.2e-19	61	72
2930948059	699	SM00382	SMART	97.83	221	359	8.5e-26	84.1	139
2930948076	233	SM00345	SMART	96.67	9	68	2.3e-26	85.4	60
2930948076	233	SM00866	SMART	99.44	89	228	4.0e-47	154.6	140
2930948082	731	SM00732	SMART	100	327	427	1.1e-37	122.9	101
2930948082	731	SM00316	SMART	100	655	726	1.0e-27	89.8	72
2930948083	159	SM00731	SMART	98.35	4	147	1.7e-49	161.7	144
2930948089	145	SM00347	SMART	87.13	24	118	8.1e-17	54.5	95
2930948098	376	SM00267	SMART	96.02	205	376	3.3e-44	144.2	172
2930948099	215	SM00052	SMART	7.45	5	28	5.2e-16	50.8	24
2930948099	215	SM00052	SMART	33.33	58	143	5.2e-16	50.8	86
2930948099	215	SM00052	SMART	14.9	172	215	5.2e-16	50.8	44
2930948107	223	SM00855	SMART	100	3	184	1.7e-30	99.5	182
2930948114	426	SM00382	SMART	96.74	58	212	7.7e-15	48.6	155
2930948115	394	SM00670	SMART	100	171	278	3.5e-18	60.1	108
2930948117	470	SM00840	SMART	78.69	356	419	1.6e-12	41.2	64
2930948118	135	SM00535	SMART	72.86	3	126	3.0e-10	32.9	124
2930948119	255	SM00967	SMART	100	13	88	2.0e-21	70.5	76
2930948123	182	SM00738	SMART	99.16	6	117	2.7e-52	170.7	112
2930948123	182	SM00739	SMART	92.86	127	154	2.1e-09	30.4	28
2930948124	141	SM00649	SMART	100	9	140	4.0e-89	291.9	132
2930948138	576	SM00382	SMART	85.87	38	179	1.9e-15	50.5	142
2930948140	199	SM00278	SMART	75	15	31	1.3e-04	15.8	17
2930948142	214	SM00382	SMART	59.78	2	210	7.9e-05	16.2	209
2930948152	98	SM00418	SMART	93.67	16	96	7.2e-23	74.1	81
2930948153	650	SM00382	SMART	76.09	28	233	9.1e-34	109.9	206
2930948153	650	SM00382	SMART	77.17	355	526	9.1e-34	109.9	172
2930948154	212	SM00420	SMART	64.15	27	64	1.3e-04	14.8	38
2930948154	212	SM00881	SMART	96.8	79	179	2.1e-24	79.7	101
2930948155	94	SM00883	SMART	99.03	1	93	1.7e-52	171.2	93
2930948162	439	SM00487	SMART	92.69	93	274	1.5e-16	53.5	182
2930948162	439	SM00490	SMART	73.26	333	400	1.1e-11	37.9	68
2930948165	787	SM00957	SMART	100	5	382	0.0e+00	922.6	378
2930948165	787	SM00490	SMART	90.7	443	530	6.8e-03	9.3	88
2930948166	332	SM00937	SMART	100	45	155	7.8e-55	179.3	111
2930948167	384	SM00228	SMART	60	268	351	1.2e-06	22.2	84
2930948168	235	SM00448	SMART	98.67	2	113	4.1e-51	167.4	112
2930948169	447	SM00388	SMART	96.63	224	291	3.9e-23	75.9	68
2930948169	447	SM00387	SMART	97.69	335	447	5.0e-39	127.5	113
2930948173	274	SM00382	SMART	77.17	54	259	1.4e-17	57.5	206
2930948174	252	SM00382	SMART	76.09	30	224	3.2e-15	49.8	195
2930948184	213	SM00471	SMART	81.36	26	142	4.1e-08	26.2	117
2930948186	668	SM00487	SMART	84.93	14	423	4.7e-38	124.1	410
2930948186	668	SM00487	SMART	34.7	456	524	4.7e-38	124.1	69
2930948187	951	SM00382	SMART	19.57	25	43	1.9e-13	44.1	19
2930948187	951	SM00382	SMART	70.65	631	906	1.9e-13	44.1	276
2930948188	181	SM00906	SMART	44.07	70	162	2.2e-03	11.3	93
2930948193	148	SM00850	SMART	97.39	49	145	1.7e-30	99.6	97
2930948199	336	SM00846	SMART	100	3	153	6.2e-82	268.3	151
2930948202	439	SM01193	SMART	100	4	134	8.7e-102	333.8	131
2930948202	439	SM01192	SMART	99.69	139	427	0.0e+00	722.9	289
2930948207	797	SM00357	SMART	80	77	137	2.6e-04	14.2	61
2930948207	797	SM00316	SMART	94.44	635	716	1.8e-21	69.7	82
2930948209	245	SM00382	SMART	75	29	219	1.1e-19	64.2	191
2930948211	239	SM00986	SMART	97.6	50	212	1.5e-38	125.8	163
2930948216	178	SM00479	SMART	97.96	2	166	2.8e-31	102.2	165
2930948225	40	SM00490	SMART	19.77	5	33	1.6e-03	11.3	29
2930948228	477	SM00047	SMART	91.3	30	186	5.9e-44	143.9	157
2930948228	477	SM00287	SMART	40.58	362	388	9.1e-01	2.8	27
2930948228	477	SM00287	SMART	36.23	437	474	9.1e-01	2.8	38
2930948232	361	SM00382	SMART	77.17	52	227	1.1e-14	48.1	176
2930948236	256	SM00725	SMART	45.86	24	145	7.1e-13	42	122
2930948239	252	SM00382	SMART	68.48	26	232	2.2e-18	60.1	207
2930948242	512	SM00471	SMART	71.19	336	452	3.8e-04	13.5	117
2930948245	147	SM00347	SMART	86.14	31	127	3.2e-20	65.5	97
2930948254	339	SM00354	SMART	97.22	3	73	1.3e-25	82.8	71
2930948263	244	SM00448	SMART	100	1	114	5.1e-40	131	114
2930948264	489	SM00304	SMART	92.45	195	247	2.0e-13	44	53
2930948264	489	SM00388	SMART	97.75	255	321	1.5e-20	67.5	67
2930948264	489	SM00387	SMART	99.23	366	478	2.2e-36	118.8	113
2930948275	220	SM00052	SMART	13.33	3	41	1.0e-19	63.1	39
2930948275	220	SM00052	SMART	29.41	59	142	1.0e-19	63.1	84
2930948275	220	SM00052	SMART	13.73	176	216	1.0e-19	63.1	41
2930948278	264	SM00267	SMART	96.59	90	263	1.7e-36	118.8	174
2930948281	577	SM00382	SMART	83.7	357	549	1.8e-16	53.9	193
2930948282	613	SM00382	SMART	95.65	396	600	1.8e-17	57.1	205
2930948286	194	SM00382	SMART	60.87	8	158	3.9e-03	10.7	151
2930948287	361	SM00937	SMART	100	66	180	1.2e-63	208.3	115
2930948294	171	SM00150	SMART	34.62	32	80	1.0e-01	6	49
2930948294	171	SM00150	SMART	47.12	90	144	1.0e-01	6	55
2930948298	471	SM00382	SMART	69.57	145	386	9.0e-11	35.4	242
2930948303	99	SM01234	SMART	98.67	1	68	2.7e-47	153.9	68
2930948307	281	SM00244	SMART	97.21	49	214	1.2e-12	41	166
2930948311	294	SM00530	SMART	96.43	7	61	6.8e-14	45.2	55
2930948311	294	SM00028	SMART	85.29	194	226	2.9e-07	23.9	33
2930948314	425	SM00382	SMART	91.3	40	151	5.4e-15	49.1	112
2930948318	201	SM00363	SMART	85.71	93	154	2.7e-24	78.6	62
2930948319	155	SM00065	SMART	72.54	23	148	5.9e-13	42.3	126
2930948320	576	SM01408	SMART	42.53	116	189	5.2e-01	3.4	74
2930948320	576	SM01408	SMART	13.79	194	331	5.2e-01	3.4	138
2930948322	405	SM00981	SMART	98.29	74	165	6.4e-25	81.3	92
2930948329	283	SM00340	SMART	50	74	101	2.7e-04	14.2	28
2930948329	283	SM00340	SMART	31.82	92	113	2.7e-04	14.2	22
2930948332	268	SM00382	SMART	68.48	9	243	9.5e-07	22.4	235
2930948335	211	SM00382	SMART	84.78	26	209	6.4e-20	65	184
2930948336	280	SM00062	SMART	99.59	45	273	2.2e-69	227.3	229
2930948341	416	SM00852	SMART	98.51	4	171	2.3e-47	155.3	168
2930948341	416	SM00091	SMART	42.65	177	210	1.9e-03	11.5	34
2930948341	416	SM00091	SMART	33.82	214	245	1.9e-03	11.5	32
2930948342	377	SM00382	SMART	98.91	57	228	2.3e-12	40.5	172
2930948345	519	SM00322	SMART	95.24	207	274	2.6e-11	36.9	68
2930948345	519	SM00471	SMART	94.92	331	437	5.1e-14	45.2	107
2930948347	892	SM00533	SMART	99.7	274	583	4.4e-110	362.3	310
2930948347	892	SM00534	SMART	98.99	600	787	2.0e-118	389.3	188
2930948348	672	SM01340	SMART	99.38	207	325	2.9e-52	170.9	119
2930948348	672	SM00853	SMART	100	474	616	3.0e-55	181.2	143
2930948349	202	SM00278	SMART	90	71	90	4.5e-11	35.6	20
2930948349	202	SM00278	SMART	85	106	125	4.5e-11	35.6	20
2930948350	338	SM00382	SMART	90.22	55	185	4.5e-19	62.3	131
2930948353	141	SM01323	SMART	98.85	13	96	2.8e-40	131.3	84
2930948356	452	SM00487	SMART	93.15	22	218	2.8e-55	180.7	197
2930948356	452	SM00487	SMART	47.95	232	320	2.8e-55	180.7	89
2930948359	145	SM00732	SMART	99.15	1	103	8.2e-37	120	103
2930948363	787	SM00534	SMART	96.98	328	510	3.2e-77	253.3	183
2930948363	787	SM00463	SMART	98.94	709	787	3.8e-20	65.8	79
2930948369	162	SM00116	SMART	76.6	24	71	1.5e-08	27.9	48
2930948369	162	SM00116	SMART	42.55	116	138	1.5e-08	27.9	23
2930948371	98	SM00418	SMART	91.14	14	90	9.9e-23	73.7	77
2930948374	134	SM01088	SMART	66.04	5	43	1.9e-03	11.6	39
2930948376	365	SM00248	SMART	86.67	8	38	4.4e-04	14.2	31
2930948376	365	SM00248	SMART	56.67	94	112	4.4e-04	14.2	19
2930948377	333	SM00354	SMART	100	5	75	4.5e-40	130.2	71
2930948379	246	SM00382	SMART	77.17	30	220	2.1e-19	63.5	191
2930948380	492	SM00062	SMART	93.85	43	266	1.6e-38	125.8	224
2930948382	321	SM00382	SMART	36.96	131	279	2.3e-07	24.5	149
2930948407	129	SM00316	SMART	100	4	75	2.2e-24	79.2	72
2930948429	400	SM00382	SMART	65.22	38	197	4.4e-09	30	160
2930948434	265	SM00052	SMART	14.9	40	85	9.7e-08	23.6	46
2930948434	265	SM00052	SMART	25.1	88	187	9.7e-08	23.6	100
2930948434	265	SM00052	SMART	11.76	223	264	9.7e-08	23.6	42
2930948439	213	SM00014	SMART	95.65	88	202	1.2e-28	93.5	115
2930948441	224	SM00382	SMART	80.43	26	202	1.8e-11	37.8	177
2930948445	229	SM00363	SMART	60.32	5	60	2.0e-07	24.4	56
2930948449	369	SM01003	SMART	100	4	135	1.7e-72	237.3	132
2930948449	369	SM01002	SMART	100	147	296	5.4e-79	259.5	150
2930948454	851	SM00382	SMART	73.91	517	704	1.3e-08	28.5	188
2930948454	851	SM00843	SMART	100	768	833	1.2e-32	106.3	66
2930948460	886	SM00475	SMART	98.91	4	267	6.1e-130	427.7	264
2930948460	886	SM00474	SMART	83.66	330	477	7.3e-14	45.1	148
2930948460	886	SM00482	SMART	100	644	850	1.6e-112	369.7	207
2930948461	286	SM01232	SMART	99.16	134	226	1.1e-39	129.7	93
2930948463	166	SM00355	SMART	56.52	29	46	2.0e-02	9.4	18
2930948465	308	SM00382	SMART	63.04	156	294	1.3e-07	25.3	139
2930948466	647	SM00863	SMART	94.2	170	218	1.5e-16	54.4	49
2930948473	102	SM01103	SMART	100	2	85	1.9e-37	121.9	84
2930948475	197	SM00471	SMART	86.44	26	161	1.2e-12	40.9	136
2930948480	62	SM00834	SMART	20	23	38	2.7e-02	7.7	16
2930948480	62	SM00834	SMART	15.56	35	55	2.7e-02	7.7	21
2930948482	104	SM00418	SMART	94.94	13	91	5.5e-23	74.5	79
2930948485	228	SM00448	SMART	99.33	2	112	1.2e-44	146.2	111
2930948486	536	SM00304	SMART	92.45	218	272	3.0e-08	27.5	55
2930948486	536	SM00388	SMART	98.88	273	340	2.1e-20	67.1	68
2930948486	536	SM00387	SMART	96.92	385	497	2.8e-35	115.3	113
2930948490	256	SM00967	SMART	97.92	32	102	7.1e-13	42.8	71
2930948491	165	SM00471	SMART	79.66	35	143	2.4e-07	23.9	109
2930948494	802	SM00873	SMART	99.1	219	392	1.1e-86	284.5	174
2930948494	802	SM00896	SMART	100	709	802	8.7e-44	143.3	94
2930948496	223	SM00382	SMART	57.61	6	160	5.0e-08	26.6	155
2930948507	138	SM00450	SMART	90.43	40	132	3.1e-18	59.2	93
2930948510	307	SM00382	SMART	31.52	3	147	2.7e-04	14.5	145
2930948511	128	SM00422	SMART	93.06	13	81	2.7e-25	81.9	69
2930948512	446	SM01230	SMART	99.7	107	356	0.0e+00	469.4	250
2930948522	186	SM01185	SMART	100	68	122	3.7e-29	94.8	55
2930948522	186	SM00841	SMART	100	130	185	5.9e-36	116.9	56
2930948527	81	SM01358	SMART	13.7	7	76	8.5e-03	9	70
2930948531	564	SM00382	SMART	38.04	21	221	8.7e-05	16.1	201
2930948534	204	SM00072	SMART	99.51	4	187	5.5e-72	235.8	184
2930948535	71	SM01409	SMART	94.87	9	62	2.3e-17	56.2	54
2930948537	805	SM00487	SMART	88.58	265	464	8.6e-30	97.1	200
2930948540	248	SM00331	SMART	92.4	9	240	2.6e-48	158.3	232
2930948541	669	SM00220	SMART	93.07	11	259	3.3e-69	226.9	249
2930948541	669	SM00740	SMART	97.01	363	430	2.8e-38	123.9	68
2930948541	669	SM00740	SMART	100	431	498	2.8e-38	123.9	68
2930948541	669	SM00740	SMART	98.51	499	565	2.8e-38	123.9	67
2930948544	224	SM00983	SMART	97.3	147	210	2.8e-21	69.2	64
2930948547	565	SM01120	SMART	98.92	36	201	1.1e-65	215.3	166
2930948547	565	SM01121	SMART	100	242	565	0.0e+00	624.5	324
2930948548	677	SM00487	SMART	95.43	249	438	1.7e-38	125.7	190
2930948548	677	SM00487	SMART	24.66	483	539	1.7e-38	125.7	57
2930948551	229	SM00535	SMART	98.57	21	156	1.6e-53	175	136
2930948551	229	SM00358	SMART	98.53	163	229	6.2e-22	71.6	67
2930948552	1183	SM00382	SMART	18.48	23	83	5.2e-08	26.6	61
2930948552	1183	SM00968	SMART	98.1	519	638	1.9e-37	122.3	120
2930948552	1183	SM00382	SMART	40.22	984	1160	5.2e-08	26.6	177
2930948553	454	SM00963	SMART	97.89	176	257	2.4e-24	79.7	82
2930948553	454	SM00382	SMART	76.09	274	435	5.4e-15	49.2	162
2930948555	482	SM00963	SMART	98.95	3	87	8.8e-34	110.5	85
2930948555	482	SM00962	SMART	100	101	297	1.9e-115	379.6	197
2930948556	882	SM00831	SMART	100	5	78	1.1e-28	93	74
2930948557	390	SM00382	SMART	88.04	18	184	5.4e-06	20	167
2930948568	155	SM00347	SMART	96.04	35	135	3.2e-19	62.4	101
2930948576	466	SM00878	SMART	100	336	443	3.2e-55	180.7	108
2930948585	146	SM00850	SMART	95.65	50	145	3.3e-21	69.3	96
2930948589	76	SM01083	SMART	67.57	41	66	1.3e-03	12.6	26
2930948594	117	SM00422	SMART	95.83	1	69	3.6e-18	58.7	69
2930948597	488	SM01060	SMART	99.74	6	389	0.0e+00	903.3	384
2930948602	274	SM00530	SMART	98.21	8	62	5.7e-14	45.5	55
2930948602	274	SM00028	SMART	94.12	112	144	9.0e-02	6.6	33
2930948611	67	SM00530	SMART	89.29	5	61	3.5e-10	33.3	57
2930948617	667	SM00382	SMART	85.87	32	224	3.3e-14	46.6	193
2930948619	132	SM00226	SMART	96.77	2	131	2.3e-50	164.8	130
2930948624	241	SM00382	SMART	82.61	30	217	5.7e-13	42.5	188
2930948636	148	SM00422	SMART	95.83	3	70	2.7e-26	85.1	68
2930948637	144	SM00347	SMART	90.1	26	120	9.4e-18	57.5	95
2930948652	946	SM00479	SMART	97.96	6	173	1.3e-42	139.5	168
2930948652	946	SM00487	SMART	33.33	253	350	7.6e-14	44.6	98
2930948652	946	SM00487	SMART	8.68	418	482	7.6e-14	44.6	65
2930948652	946	SM00491	SMART	82.5	768	900	3.2e-29	95.6	133
2930948656	173	SM00347	SMART	97.03	49	150	2.3e-23	75.8	102
2930948657	120	SM00450	SMART	89.36	22	116	7.5e-13	41.6	95
2930948661	117	SM00338	SMART	33.85	43	69	3.3e-06	20.6	27
2930948661	117	SM00338	SMART	23.08	86	104	3.3e-06	20.6	19
2930948663	380	SM00981	SMART	94.02	59	155	3.3e-09	30.2	97
2930948677	307	SM00363	SMART	80.95	12	76	7.1e-12	38.7	65
2930948679	358	SM01097	SMART	99.34	2	133	2.7e-64	210.2	132
2930948680	858	SM01096	SMART	98.39	420	540	2.5e-44	144.8	121
2930948682	142	SM00347	SMART	97.03	21	120	1.4e-13	43.9	100
2930948690	216	SM00478	SMART	99.44	39	187	5.9e-48	157	149
2930948691	267	SM00422	SMART	95.83	2	70	4.7e-19	61.5	69
2930948701	309	SM01131	SMART	98.57	181	307	6.2e-62	202.7	127
2930948703	815	SM00434	SMART	100	10	463	0.0e+00	829.5	454
2930948704	655	SM00433	SMART	99.84	37	636	0.0e+00	1154.7	600
2930948705	125	SM01207	SMART	44.79	8	108	2.4e-43	141.5	101
2930948706	90	SM01207	SMART	50.52	1	71	1.1e-25	83.2	71
2930948708	470	SM01086	SMART	95.1	362	460	5.2e-28	91.2	99
2930948711	703	SM00493	SMART	97.12	19	118	1.3e-30	100.5	100
2930948711	703	SM00436	SMART	97.83	120	208	7.4e-55	178.7	89
2930948711	703	SM00437	SMART	99.35	259	521	5.3e-119	391.7	263
2930948727	630	SM00382	SMART	77.17	28	230	5.9e-28	91.1	203
2930948727	630	SM00382	SMART	86.96	344	520	5.9e-28	91.1	177
2930948730	218	SM00028	SMART	55.88	4	33	1.8e-09	30.8	30
2930948730	218	SM00028	SMART	76.47	42	70	1.8e-09	30.8	29
2930948730	218	SM00028	SMART	94.12	71	104	1.8e-09	30.8	34
2930948730	218	SM00028	SMART	76.47	139	166	1.8e-09	30.8	28
2930948731	201	SM00028	SMART	91.18	33	65	2.9e-10	33.3	33
2930948731	201	SM00028	SMART	70.59	67	93	2.9e-10	33.3	27
2930948731	201	SM00028	SMART	61.76	136	163	2.9e-10	33.3	28
2930948731	201	SM00028	SMART	61.76	175	198	2.9e-10	33.3	24
2930948732	91	SM00411	SMART	98.97	2	91	1.1e-54	178.6	90
2930948733	435	SM00382	SMART	56.52	2	132	2.7e-10	33.9	131
2930948733	435	SM00382	SMART	33.7	176	362	2.7e-10	33.9	187
2930948734	434	SM00316	SMART	81.94	26	86	1.1e-82	267.4	61
2930948734	434	SM00316	SMART	100	118	185	1.1e-82	267.4	68
2930948734	434	SM00316	SMART	98.61	204	274	1.1e-82	267.4	71
2930948734	434	SM00316	SMART	97.22	289	360	1.1e-82	267.4	72
2930948735	226	SM00382	SMART	35.87	5	167	1.8e-04	15	163
2930948736	204	SM00257	SMART	93.33	160	204	4.4e-11	36.2	45
2930948737	473	SM00487	SMART	95.89	14	209	1.6e-30	99.4	196
2930948740	240	SM00363	SMART	80.95	2	60	8.5e-17	54.5	59
2930948745	293	SM00316	SMART	40.28	75	118	7.3e-07	22.5	44
2930948745	293	SM00316	SMART	62.5	174	214	7.3e-07	22.5	41
2930948748	1121	SM00481	SMART	88	3	69	5.5e-19	61.8	67
2930948749	870	SM00382	SMART	94.57	200	344	4.1e-30	98.1	145
2930948749	870	SM00382	SMART	81.52	599	742	4.1e-30	98.1	144
2930948749	870	SM01086	SMART	100	770	859	1.1e-33	109.7	90
2930948757	612	SM00400	SMART	98.18	35	89	7.7e-35	113.1	55
2930948758	691	SM00914	SMART	64.86	661	686	5.3e-02	7	26
2930948761	301	SM00382	SMART	67.39	7	122	2.3e-06	21.2	116
2930948764	328	SM00382	SMART	56.52	137	300	9.6e-04	12.7	164
2930948770	309	SM00518	SMART	99.33	5	288	4.2e-101	332	284
2930948779	283	SM00287	SMART	92.75	33	93	1.5e-14	47.4	61
2930948779	283	SM00646	SMART	96.32	167	282	7.6e-26	84.4	116
2930948783	744	SM00471	SMART	94.92	46	158	3.3e-14	45.9	113
2930948783	744	SM00954	SMART	99.24	240	350	4.4e-71	233.2	111
2930948790	35	SM00756	SMART	12.35	2	27	9.5e-04	11.4	26
2930948796	481	SM00838	SMART	71.59	410	481	2.6e-09	29.7	72
2930948802	382	SM00271	SMART	98.61	4	61	1.9e-31	102.1	58
2930948806	315	SM00904	SMART	99.27	186	311	6.5e-58	189.2	126
2930948812	401	SM00316	SMART	88.89	134	199	4.6e-11	36	66
2930948812	401	SM00322	SMART	38.1	245	298	3.2e-10	33.4	54
2930948812	401	SM00322	SMART	53.97	301	363	3.2e-10	33.4	63
2930948815	1445	SM00481	SMART	100	339	406	4.0e-30	98	68
2930948815	1445	SM00479	SMART	93.37	424	580	8.0e-42	136.9	157
2930948829	214	SM00563	SMART	99.26	34	144	3.6e-31	101.7	111
2930948830	597	SM00382	SMART	82.61	381	571	3.0e-15	49.9	191
2930948831	586	SM00382	SMART	77.17	362	554	4.3e-16	52.6	193
2930948833	82	SM01139	SMART	21.79	3	79	1.4e-03	10.8	77
2930948838	328	SM00421	SMART	52.63	3	44	5.6e-05	15.8	42
2930948841	220	SM00855	SMART	97.26	5	179	1.5e-25	83.5	175
2930948843	154	SM00562	SMART	96.48	4	144	6.4e-57	186	141
2930948849	296	SM00046	SMART	85.99	3	118	8.8e-12	37.9	116
2930948855	129	SM00338	SMART	30.77	73	103	9.8e-04	12.5	31
2930948855	129	SM00338	SMART	27.69	102	128	9.8e-04	12.5	27
2930948860	605	SM00465	SMART	98.04	16	96	7.1e-23	75.3	81
2930948860	605	SM00278	SMART	85	538	557	2.0e-05	18.3	20
2930948863	197	SM00382	SMART	25	26	124	3.9e-03	10.7	99
2930948864	418	SM00994	SMART	95.35	10	49	4.6e-25	81.2	40
2930948864	418	SM00382	SMART	90.22	111	270	3.2e-16	53	160
2930948864	418	SM01086	SMART	99.02	316	412	2.9e-35	114.9	97
2930948868	610	SM00849	SMART	90.24	17	208	1.7e-28	93.6	192
2930948869	89	SM01387	SMART	100	7	88	5.0e-51	166.6	82
2930948872	712	SM00849	SMART	98.37	456	660	2.3e-13	43.9	205
2930948874	231	SM00278	SMART	95	179	198	8.1e-12	37.9	20
2930948874	231	SM00278	SMART	85	209	225	8.1e-12	37.9	17
2930948875	349	SM00228	SMART	88.75	98	191	1.9e-10	34.4	94
2930948880	614	SM00838	SMART	87.5	402	483	2.9e-11	36.1	82
2930948891	559	SM00849	SMART	93.5	23	217	1.2e-28	94.2	195
2930948894	530	SM00257	SMART	97.78	33	78	5.7e-34	109.8	46
2930948894	530	SM00257	SMART	100	85	128	5.7e-34	109.8	44
2930948899	335	SM00354	SMART	97.22	4	75	1.1e-24	79.8	72
2930948904	292	SM00062	SMART	100	42	270	9.2e-56	182.5	229
2930948907	328	SM01400	SMART	100	10	126	2.1e-73	240	117
2930948907	328	SM01400	SMART	7.84	240	255	2.1e-73	240	16
2930948908	841	SM00278	SMART	80	109	125	4.2e-06	20.4	17
2930948908	841	SM00382	SMART	67.39	360	555	9.2e-10	32.1	196
2930948909	226	SM00028	SMART	88.24	33	65	2.6e-20	64.9	33
2930948909	226	SM00028	SMART	67.65	72	96	2.6e-20	64.9	25
2930948909	226	SM00028	SMART	94.12	103	136	2.6e-20	64.9	34
2930948909	226	SM00028	SMART	70.59	142	170	2.6e-20	64.9	29
2930948909	226	SM00028	SMART	38.24	189	202	2.6e-20	64.9	14
2930948910	218	SM00855	SMART	98.63	2	162	7.5e-24	77.9	161
2930948917	74	SM00357	SMART	98.57	3	66	2.0e-23	76.3	64
2930948920	259	SM00363	SMART	80.95	182	241	2.0e-12	40.4	60
2930948923	419	SM00864	SMART	100	14	206	2.4e-117	385.8	193
2930948924	442	SM00842	SMART	98.97	7	194	3.6e-89	292.3	188
2930948930	719	SM00740	SMART	97.01	600	660	1.3e-21	70	61
2930948930	719	SM00740	SMART	88.06	661	717	1.3e-21	70	57
2930948933	143	SM00966	SMART	38.3	9	30	3.3e-07	23.8	22
2930948933	143	SM00966	SMART	34.04	81	101	3.3e-07	23.8	21
2930948935	40	SM00831	SMART	25.33	2	32	4.4e-03	9.6	31
2930948936	781	SM00382	SMART	84.78	449	630	1.6e-06	21.6	182
2930948936	781	SM00843	SMART	100	708	773	5.1e-43	140	66
2930948952	219	SM00954	SMART	98.48	44	165	3.9e-47	154.5	122
2930948960	244	SM00382	SMART	83.7	27	211	9.0e-13	41.9	185
2930948964	324	SM00471	SMART	72.88	163	287	2.6e-06	20.5	125
2930948971	563	SM01016	SMART	98.97	1	84	3.9e-29	95.7	84
2930948971	563	SM00836	SMART	100	450	563	2.6e-40	131.4	114
2930948974	419	SM00644	SMART	97.79	53	186	1.0e-34	113.7	134
2930948974	419	SM00287	SMART	50.72	292	336	7.8e-03	9.5	45
2930948974	419	SM00287	SMART	52.17	372	417	7.8e-03	9.5	46
2930948980	232	SM00100	SMART	98.37	22	143	8.4e-29	93.5	122
2930948980	232	SM00419	SMART	90	173	221	2.2e-18	59.3	49
2930948987	836	SM00382	SMART	22.83	28	81	1.2e-10	35	54
2930948987	836	SM00382	SMART	16.3	525	545	1.2e-10	35	21
2930948987	836	SM00382	SMART	59.78	626	797	1.2e-10	35	172
2930948993	158	SM00347	SMART	86.14	30	128	2.1e-28	92.2	99
2930949000	215	SM00382	SMART	22.83	6	102	9.5e-04	12.7	97
2930949008	189	SM00235	SMART	87.75	40	189	6.2e-15	48.7	150
2930949034	696	SM00382	SMART	86.96	90	231	3.4e-29	95.1	142
2930949034	696	SM00382	SMART	75	420	589	3.4e-29	95.1	170
2930949034	696	SM01086	SMART	100	590	677	1.1e-30	100	88
2930949036	868	SM00831	SMART	78.67	3	70	2.7e-16	52.7	68
2930949059	441	SM00487	SMART	83.56	13	201	6.5e-45	146.7	189
2930949059	441	SM00490	SMART	84.88	221	325	5.4e-30	97.6	105
2930949064	286	SM00530	SMART	37.5	20	60	8.9e-06	19.2	41
2930949072	432	SM00941	SMART	97.33	345	418	1.1e-32	106.1	74
2930949076	229	SM01133	SMART	99.66	7	220	2.7e-100	330.4	214
2930949077	79	SM00530	SMART	98.21	7	62	5.0e-15	48.9	56
2930949078	118	SM00530	SMART	76.79	12	72	7.2e-14	45.2	61
2930949081	114	SM00877	SMART	77.65	42	113	4.3e-24	78.4	72
2930949090	96	SM00877	SMART	100	3	79	2.6e-40	131.3	77
2930949091	162	SM00877	SMART	100	2	77	1.9e-31	102.4	76
2930949097	271	SM00877	SMART	80	81	160	3.0e-34	111.5	80
2930949097	271	SM00877	SMART	81.18	185	262	3.0e-34	111.5	78
2930949098	92	SM00877	SMART	100	4	80	1.2e-39	129.1	77
2930949099	362	SM00342	SMART	100	181	264	2.6e-32	105.1	84
2930949101	143	SM00382	SMART	27.17	1	116	1.8e-06	21.5	116
2930949103	339	SM00046	SMART	79.62	4	126	7.0e-14	44.9	123
2930949104	473	SM00845	SMART	100	325	471	1.8e-75	247.7	147
2930949108	676	SM00532	SMART	99.78	13	451	0.0e+00	832.9	439
2930949108	676	SM00278	SMART	85	449	468	7.0e-06	19.7	20
2930949108	676	SM00278	SMART	90	483	502	7.0e-06	19.7	20
2930949108	676	SM00292	SMART	90.32	601	674	4.4e-14	46.3	74
2930949115	579	SM00382	SMART	78.26	367	553	2.4e-18	60	187
2930949116	577	SM00382	SMART	75	360	556	7.2e-19	61.7	197
2930949144	290	SM00382	SMART	73.91	36	225	2.9e-16	53.2	190
2930949145	279	SM00382	SMART	94.57	33	217	2.4e-19	63.2	185
2930949147	316	SM00662	SMART	100	18	229	5.0e-100	329.1	212
2930949150	39	SM01384	SMART	11.34	12	39	3.5e-03	8.4	28
2930949151	72	SM00316	SMART	91.67	7	72	1.9e-13	43.8	66
2930949152	219	SM00382	SMART	26.09	4	79	3.1e-03	11	76
2930949152	219	SM00778	SMART	29.27	126	141	1.1e-02	9.2	16
2930949152	219	SM00778	SMART	26.83	150	170	1.1e-02	9.2	21
2930949161	103	SM00739	SMART	89.29	2	29	1.2e-10	34.4	28
2930949162	122	SM01374	SMART	99.32	1	122	8.7e-87	284.3	122
2930949166	219	SM00322	SMART	96.83	59	124	2.1e-12	40.5	66
2930949169	282	SM01383	SMART	100	43	119	1.7e-49	161.8	77
2930949169	282	SM01382	SMART	100	125	256	8.7e-90	294.3	132
2930949173	102	SM01403	SMART	100	7	101	4.4e-65	212.7	95
2930949175	699	SM00889	SMART	100	481	599	3.1e-74	243.3	119
2930949175	699	SM00838	SMART	100	601	688	1.2e-56	184.8	88
2930949179	1215	SM00663	SMART	100	225	504	0.0e+00	563.6	280
2930949183	828	SM00382	SMART	92.39	207	351	1.7e-28	92.8	145
2930949183	828	SM00382	SMART	75	548	690	1.7e-28	92.8	143
2930949183	828	SM01086	SMART	99.02	725	814	9.0e-37	119.9	90
2930949195	210	SM00382	SMART	27.17	1	149	2.3e-04	14.7	149
2930949204	215	SM00529	SMART	99.01	23	122	8.2e-41	132.8	100
2930949204	215	SM00899	SMART	96.67	142	215	3.5e-12	40.1	74
2930949207	145	SM00422	SMART	79.17	19	78	1.4e-16	53.5	60
2930949210	41	SM01375	SMART	25.23	1	38	6.0e-02	6.1	38
2930949227	56	SM00818	SMART	21.93	5	46	1.2e+00	.8	42
2930949228	187	SM01266	SMART	100	6	60	2.4e-20	66.2	55
2930949230	242	SM01007	SMART	98.94	7	197	2.5e-69	227.9	191
2930949234	361	SM00345	SMART	100	8	67	1.5e-19	63.3	60
2930949235	199	SM01266	SMART	98.46	6	59	1.8e-17	57	54
2930949236	296	SM00418	SMART	72.15	13	72	2.3e-16	52.9	60
2930949240	496	SM00813	SMART	100	290	486	1.2e-64	212.3	197
2930949241	591	SM00487	SMART	93.15	15	211	5.1e-34	110.9	197
2930949241	591	SM00487	SMART	31.96	243	303	5.1e-34	110.9	61
2930949241	591	SM00956	SMART	98.43	405	508	9.8e-42	136.2	104
2930949241	591	SM00341	SMART	92.59	515	591	9.6e-26	83.4	77
2930949243	106	SM00419	SMART	68	22	62	4.2e-03	10.2	41
2930949244	191	SM00749	SMART	59.38	112	162	4.1e+00	1.5	51
2930949256	216	SM00855	SMART	98.63	4	176	5.5e-24	78.4	173
2930949257	319	SM00382	SMART	78.26	39	243	6.1e-18	58.6	205
2930949258	366	SM00382	SMART	94.57	36	235	3.9e-19	62.5	200
2930949263	425	SM00382	SMART	34.78	200	299	2.1e-06	21.3	100
2930949266	278	SM00062	SMART	98.36	43	266	1.6e-68	224.6	224
2930949267	246	SM00382	SMART	72.83	28	229	1.3e-19	64.1	202
2930949271	190	SM00382	SMART	17.39	2	140	4.2e-04	13.8	139
2930949274	811	SM00940	SMART	100	1	159	2.0e-84	276.9	159
2930949274	811	SM00939	SMART	99.72	544	805	1.3e-76	252.3	262
2930949277	518	SM00382	SMART	78.26	28	266	1.1e-22	74	239
2930949277	518	SM00382	SMART	75	345	511	1.1e-22	74	167
2930949280	257	SM00382	SMART	85.87	36	230	4.8e-14	46	195
2930949286	256	SM00382	SMART	83.7	35	231	9.0e-14	45.2	197
2930949291	207	SM00047	SMART	93.48	58	206	5.2e-40	130.9	149
2930949299	156	SM00422	SMART	81.94	19	82	8.2e-17	54.2	64
2930949302	220	SM00855	SMART	97.26	6	181	1.5e-23	77	176
2930949315	252	SM00421	SMART	63.16	72	111	9.7e-06	18.2	40
2930949317	222	SM01059	SMART	99.52	6	210	1.8e-105	346.3	205
2930949321	469	SM00382	SMART	71.74	30	230	2.2e-31	102.2	201
2930949321	469	SM00382	SMART	90.22	277	466	2.2e-31	102.2	190
2930949326	80	SM00834	SMART	31.11	1	18	5.3e-05	16.4	18
2930949326	80	SM00834	SMART	24.44	16	30	5.3e-05	16.4	15
2930949329	336	SM00870	SMART	100	15	328	0.0e+00	473.6	314
2930949332	298	SM00382	SMART	95.65	27	206	7.0e-14	45.5	180
2930949341	228	SM00419	SMART	96	164	218	5.9e-07	22.6	55
2930949343	253	SM01001	SMART	81.82	118	245	4.2e-41	133.8	128
2930949353	370	SM00382	SMART	97.83	30	213	9.3e-21	67.8	184
2930949357	267	SM00382	SMART	77.17	47	247	5.5e-11	36.1	201
2930949364	788	SM00487	SMART	20.09	186	252	2.0e-08	26.8	67
2930949364	788	SM00487	SMART	15.53	299	405	2.0e-08	26.8	107
2930949367	525	SM00382	SMART	72.83	347	521	4.9e-16	52.5	175
2930949368	870	SM00220	SMART	11.26	243	372	7.0e-05	14.4	130
2930949368	870	SM00220	SMART	9.96	391	475	7.0e-05	14.4	85
2930949376	356	SM00644	SMART	97.79	58	197	2.2e-36	119.2	140
2930949376	356	SM00456	SMART	67.65	270	295	2.0e+00	2.2	26
2930949383	167	SM00347	SMART	82.18	28	122	7.4e-20	64.4	95
2930949405	264	SM00893	SMART	98.27	22	215	2.2e-59	194.7	194
2930949406	321	SM00893	SMART	88.31	6	188	4.4e-37	121.3	183
2930949406	321	SM00893	SMART	6.93	215	237	4.4e-37	121.3	23
2930949408	112	SM00418	SMART	96.2	16	97	5.1e-21	68	82
2930949411	147	SM01022	SMART	99.3	25	147	4.0e-41	135	123
2930949416	284	SM00530	SMART	91.07	6	59	1.3e-11	37.9	54
2930949416	284	SM00028	SMART	70.59	150	178	2.1e-04	15	29
2930949422	202	SM01266	SMART	100	5	57	1.0e-16	54.5	53
2930949433	49	SM00461	SMART	30.65	9	47	4.4e-03	9.7	39
2930949434	79	SM01117	SMART	98.41	6	78	5.5e-15	49.1	73
2930949436	67	SM00357	SMART	98.57	3	66	5.8e-33	107.3	64
2930949440	379	SM00478	SMART	98.88	44	195	1.4e-51	168.9	152
2930949451	354	SM00382	SMART	95.65	35	238	1.3e-17	57.6	204
2930949451	354	SM00930	SMART	98.82	271	346	5.9e-31	100.5	76
2930949456	34	SM00243	SMART	26.32	3	26	9.1e-03	8.3	24
2930949459	1049	SM00382	SMART	20.65	27	93	1.2e-05	18.9	67
2930949463	316	SM00641	SMART	16.26	38	63	2.9e-03	10.5	26
2930949463	316	SM00641	SMART	51.22	161	227	2.9e-03	10.5	67
2930949467	142	SM00422	SMART	98.61	6	74	5.1e-29	94	69
2930949469	133	SM00347	SMART	76.24	26	121	1.7e-11	37.1	96
2930949477	307	SM00342	SMART	98.81	177	260	1.9e-31	102.3	84
2930949481	550	SM00382	SMART	83.7	31	223	1.6e-28	93	193
2930949481	550	SM00382	SMART	73.91	326	506	1.6e-28	93	181
2930949488	574	SM00014	SMART	86.34	174	290	1.9e-11	37.1	117
2930949492	589	SM00382	SMART	80.43	375	564	1.4e-16	54.3	190
2930949493	177	SM00347	SMART	91.09	40	133	2.5e-25	82.3	94
2930949497	236	SM00382	SMART	68.48	29	214	2.7e-15	50.1	186
2930949498	124	SM00345	SMART	100	13	72	4.4e-20	65.1	60
2930949504	230	SM01418	SMART	49.02	3	39	1.2e-02	9.1	37
2930949519	226	SM00100	SMART	96.75	19	137	5.3e-09	29.2	119
2930949519	226	SM00419	SMART	72	181	224	8.5e-07	22.1	44
2930949526	432	SM00387	SMART	92.31	314	425	9.0e-18	57.9	112
2930949527	276	SM00448	SMART	94.67	1	114	3.7e-21	69.2	114
2930949531	388	SM00966	SMART	68.09	4	44	4.1e-04	14	41
2930949538	230	SM00855	SMART	100	3	189	3.1e-29	95.5	187
2930949542	302	SM00028	SMART	52.94	33	64	7.9e-02	6.8	32
2930949543	396	SM00248	SMART	63.33	353	379	7.9e-04	13.4	27
2930949548	427	SM00287	SMART	50.72	41	92	1.2e-01	5.7	52
2930949548	427	SM00287	SMART	30.43	319	358	1.2e-01	5.7	40
2930949550	439	SM00936	SMART	100	317	424	1.3e-12	41.1	108
2930949551	388	SM00304	SMART	66.04	96	141	3.4e-03	11.3	46
2930949551	388	SM00388	SMART	97.75	149	216	4.8e-17	56.2	68
2930949551	388	SM00387	SMART	99.23	262	374	1.3e-37	122.9	113
2930949552	229	SM00448	SMART	100	1	112	4.9e-45	147.5	112
2930949553	379	SM01240	SMART	100	11	367	0.0e+00	791.7	357
2930949556	366	SM00382	SMART	34.78	3	152	4.4e-04	13.8	150
2930949558	294	SM00470	SMART	97.12	30	122	3.2e-33	108.6	93
2930949559	255	SM00382	SMART	48.91	12	168	2.2e-04	14.8	157
2930949560	278	SM00470	SMART	100	26	116	3.4e-32	105.3	91
2930949572	126	SM00347	SMART	87.13	34	123	4.4e-11	35.8	90
2930949590	490	SM00382	SMART	52.17	1	75	1.8e-08	28	75
2930949598	216	SM00382	SMART	79.35	32	209	1.2e-17	57.8	178
2930949604	69	SM00793	SMART	23.71	12	63	5.5e-02	4.8	52
2930949613	136	SM00530	SMART	82.14	1	46	1.2e-15	50.9	46
2930949614	164	SM00422	SMART	98.61	3	72	9.7e-24	76.8	70
2930949617	241	SM00422	SMART	97.22	4	72	3.1e-25	81.7	69
2930949617	241	SM00714	SMART	59.74	156	200	1.4e-01	5.3	45
2930949617	241	SM00714	SMART	10.39	219	230	1.4e-01	5.3	12
2930949620	439	SM00382	SMART	93.48	51	165	2.6e-16	53.4	115
2930949621	535	SM00322	SMART	88.89	205	273	7.7e-08	25.8	69
2930949621	535	SM00471	SMART	94.92	330	436	1.1e-15	50.6	107
2930949625	139	SM00530	SMART	100	5	70	9.2e-14	44.8	66
2930949637	150	SM00347	SMART	79.21	28	118	2.3e-17	56.3	91
2930949645	120	SM00530	SMART	98.21	8	63	6.9e-22	70.9	56
2930949652	564	SM00564	SMART	36.36	213	224	4.1e-03	10.8	12
2930949652	564	SM00564	SMART	81.82	364	393	4.1e-03	10.8	30
2930949661	362	SM00419	SMART	80	12	56	2.3e-04	14.3	45
2930949663	325	SM00354	SMART	100	4	74	3.1e-32	104.6	71
2930949668	465	SM00345	SMART	93.33	17	76	1.3e-22	73.2	60
2930949670	259	SM00382	SMART	93.48	37	220	3.0e-20	66.1	184
2930949676	53	SM01381	SMART	9.51	5	52	6.7e-03	7.3	48
2930949687	277	SM00855	SMART	95.89	40	227	3.0e-16	53.2	188
2930949698	332	SM00354	SMART	94.44	2	72	7.6e-25	80.4	71
2930949700	557	SM00642	SMART	100	13	425	0.0e+00	512.8	413
2930949702	140	SM00422	SMART	98.61	3	72	2.3e-22	72.3	70
2930949707	128	SM00418	SMART	67.09	23	91	4.1e-04	13	69
2930949710	226	SM00100	SMART	86.18	18	133	1.4e-17	57.1	116
2930949719	227	SM00382	SMART	77.17	32	220	5.1e-18	58.9	189
2930949725	543	SM01274	SMART	98.91	69	251	5.4e-84	275.8	183
2930949725	543	SM00919	SMART	99.33	261	517	1.1e-106	350.7	257
2930949726	295	SM00347	SMART	19.8	15	87	7.8e-05	15.5	73
2930949737	418	SM00363	SMART	76.19	359	413	1.0e-09	31.7	55
2930949740	52	SM00834	SMART	35.56	5	30	1.3e-04	15.2	26
2930949740	52	SM00834	SMART	17.78	35	51	1.3e-04	15.2	17
2930949749	287	SM00342	SMART	94.05	191	272	1.2e-21	70.4	82
2930949753	239	SM00934	SMART	100	3	230	9.6e-80	261.9	228
2930949760	230	SM00345	SMART	98.33	13	74	2.8e-15	49.5	62
2930949763	651	SM00889	SMART	97.89	392	504	4.8e-26	84.9	113
2930949763	651	SM00838	SMART	73.86	511	593	2.1e-07	23.5	83
2930949769	205	SM01266	SMART	96.92	4	58	7.3e-20	64.7	55
2930949772	212	SM01057	SMART	5.8	5	36	5.3e-37	120.5	32
2930949772	212	SM01057	SMART	69.97	51	206	5.3e-37	120.5	156
2930949773	387	SM00382	SMART	65.22	38	262	1.4e-08	28.4	225
2930949774	67	SM00530	SMART	98.21	4	59	1.2e-19	63.7	56
2930949783	379	SM00382	SMART	95.65	30	213	1.2e-15	51.2	184
2930949784	321	SM01038	SMART	99.68	17	316	1.0e-102	337.7	300
2930949788	285	SM00185	SMART	60.53	224	260	1.8e-03	12	37
2930949789	422	SM00818	SMART	25.67	248	344	2.6e+00	.1	97
2930949789	422	SM00818	SMART	9.09	350	394	2.6e+00	.1	45
2930949792	253	SM00342	SMART	78.57	180	246	9.5e-24	77.2	67
2930949802	176	SM00419	SMART	66	52	99	2.5e-05	17.3	48
2930949802	176	SM00569	SMART	51.61	107	150	8.2e-04	13	44
2930949803	311	SM00382	SMART	86.96	31	218	1.4e-15	51.1	188
2930949814	301	SM00342	SMART	95.24	200	282	3.9e-22	71.9	83
2930949815	485	SM00155	SMART	90	217	244	3.3e-17	55.2	28
2930949815	485	SM00155	SMART	96.67	398	425	3.3e-17	55.2	28
2930949816	51	SM01398	SMART	15.79	12	51	3.3e-03	10	40
2930949824	154	SM00347	SMART	96.04	27	127	1.3e-22	73.4	101
2930949836	636	SM01228	SMART	98.61	554	625	7.7e-41	132.8	72
2930949837	464	SM00382	SMART	23.91	224	357	1.1e-04	15.7	134
2930949838	254	SM01245	SMART	100	3	54	9.4e-21	67.6	52
2930949838	254	SM00393	SMART	90.36	178	254	2.5e-18	59.7	77
2930949844	205	SM00227	SMART	38.71	22	39	3.7e-02	7.6	18
2930949844	205	SM00227	SMART	35.48	110	125	3.7e-02	7.6	16
2930949847	672	SM00382	SMART	55.43	274	387	2.1e-04	14.8	114
2930949854	69	SM00513	SMART	60	11	35	4.7e-03	10.4	25
2930949855	92	SM00389	SMART	25.4	50	69	2.7e+00	.8	20
2930949855	92	SM00389	SMART	23.81	59	84	2.7e+00	.8	26
2930949863	270	SM00382	SMART	66.3	12	189	1.4e-03	12.2	178
2930949866	250	SM00641	SMART	63.41	8	78	5.1e-12	39.1	71
2930949866	250	SM00641	SMART	45.53	80	153	5.1e-12	39.1	74
2930949875	75	SM00340	SMART	47.73	41	71	1.4e-04	15.2	31
2930949877	193	SM00857	SMART	99.46	3	142	8.1e-40	130.4	140
2930949879	1055	SM00487	SMART	91.32	257	456	7.9e-23	74.1	200
2930949886	711	SM00493	SMART	94.24	2	129	3.1e-25	82.9	128
2930949886	711	SM00436	SMART	100	132	227	2.9e-39	127.6	96
2930949886	711	SM00437	SMART	99.68	277	554	1.5e-90	297.6	278
2930949891	74	SM00530	SMART	85.71	17	70	3.8e-17	55.3	54
2930949902	452	SM00304	SMART	98.11	178	233	2.7e-06	20.8	56
2930949902	452	SM00388	SMART	96.63	234	301	1.1e-18	61	68
2930949902	452	SM00387	SMART	96.92	341	451	8.1e-32	103.5	111
2930949903	231	SM00448	SMART	99.33	3	115	3.5e-45	147.6	113
2930949910	66	SM00503	SMART	27.56	13	66	3.1e-03	9.8	54
2930949921	894	SM00388	SMART	97.75	665	733	1.2e-15	51.2	69
2930949921	894	SM00387	SMART	98.46	776	889	4.6e-28	91.2	114
2930949922	235	SM00448	SMART	99.33	3	114	1.2e-46	152.4	112
2930949925	205	SM00857	SMART	99.46	2	145	6.0e-51	166.6	144
2930949929	111	SM00787	SMART	14.03	1	51	1.4e-04	12.7	51
2930949929	111	SM00787	SMART	6.87	46	73	1.4e-04	12.7	28
2930949929	111	SM00787	SMART	14.63	53	108	1.4e-04	12.7	56
2930949936	194	SM00857	SMART	99.46	3	142	5.5e-48	156.8	140
2930949937	335	SM00901	SMART	88	42	140	6.2e-35	114.1	99
2930949939	83	SM00530	SMART	46.43	18	69	1.0e-04	15.3	52
2930949964	69	SM01212	SMART	12.33	3	31	6.1e-01	2.3	29
2930949964	69	SM01212	SMART	13.01	39	68	6.1e-01	2.3	30
2930949966	59	SM00503	SMART	38.58	1	58	2.4e-02	6.9	58
2930949970	52	SM00793	SMART	19.59	5	52	4.3e-03	8.5	48
2930949974	145	SM00347	SMART	88.12	28	127	1.3e-28	92.5	100
2930949984	189	SM00857	SMART	97.31	2	134	1.5e-54	178.4	133
2930949987	87	SM00340	SMART	47.73	53	83	1.5e-04	14.7	31
2930949998	70	SM01083	SMART	67.57	3	31	4.0e-01	4.2	29
2930950003	214	SM00530	SMART	100	6	61	1.9e-15	49.9	56
