gene_oid	gene_length	feature_type	start_coord	end_coord
2930958193	179	cleavage	28	29
2930958218	301	cleavage	29	30
2930958230	432	cleavage	30	31
2930958241	134	cleavage	28	29
2930958312	162	cleavage	28	29
2930958313	166	cleavage	28	29
2930958314	547	cleavage	19	20
2930958322	277	cleavage	28	29
2930958334	183	cleavage	26	27
2930958350	564	cleavage	32	33
2930958402	368	cleavage	27	28
2930958408	457	cleavage	30	31
2930958409	470	cleavage	30	31
2930958410	390	cleavage	33	34
2930958436	439	cleavage	33	34
2930958455	317	cleavage	33	34
2930958471	133	cleavage	20	21
2930958490	231	cleavage	20	21
2930958502	260	cleavage	25	26
2930958509	574	cleavage	32	33
2930958517	349	cleavage	28	29
2930958518	235	cleavage	23	24
2930958525	413	cleavage	27	28
2930958532	316	cleavage	32	33
2930958533	308	cleavage	34	35
2930958540	546	cleavage	28	29
2930958604	837	cleavage	33	34
2930958609	294	cleavage	25	26
2930958615	356	cleavage	31	32
2930958631	296	cleavage	56	57
2930958671	307	cleavage	34	35
2930958672	392	cleavage	33	34
2930958679	220	cleavage	29	30
2930958688	156	cleavage	31	32
2930958699	437	cleavage	25	26
2930958707	321	cleavage	28	29
2930958720	181	cleavage	22	23
2930958723	278	cleavage	18	19
2930958727	539	cleavage	21	22
2930958728	541	cleavage	34	35
2930958854	430	cleavage	29	30
2930958866	381	cleavage	18	19
2930958937	503	cleavage	27	28
2930958969	189	cleavage	29	30
2930959001	419	cleavage	30	31
2930959011	305	cleavage	18	19
2930959068	292	cleavage	21	22
2930959070	549	cleavage	21	22
2930959077	340	cleavage	27	28
2930959078	530	cleavage	31	32
2930959114	251	cleavage	28	29
2930959126	145	cleavage	25	26
2930959179	83	cleavage	34	35
2930959183	127	cleavage	24	25
2930959184	125	cleavage	23	24
2930959431	226	cleavage	29	30
2930959441	406	cleavage	28	29
2930959465	286	cleavage	23	24
2930959564	300	cleavage	26	27
2930959698	165	cleavage	19	20
2930959734	619	cleavage	33	34
2930959735	741	cleavage	24	25
2930959736	213	cleavage	30	31
2930959754	492	cleavage	29	30
2930959797	280	cleavage	22	23
2930959873	146	cleavage	24	25
2930959892	256	cleavage	28	29
2930959893	396	cleavage	30	31
2930959894	245	cleavage	19	20
2930959900	477	cleavage	30	31
2930959924	368	cleavage	28	29
2930960024	304	cleavage	22	23
2930960093	54	cleavage	26	27
2930960101	568	cleavage	31	32
2930960102	707	cleavage	25	26
2930960143	153	cleavage	27	28
2930960206	401	cleavage	20	21
2930960220	695	cleavage	37	38
2930960222	258	cleavage	29	30
2930960224	604	cleavage	39	40
2930960249	361	cleavage	26	27
2930960272	98	cleavage	30	31
2930960285	213	cleavage	30	31
2930960309	250	cleavage	34	35
2930960318	423	cleavage	29	30
2930960336	715	cleavage	25	26
2930960337	199	cleavage	31	32
2930960348	290	cleavage	25	26
2930960349	344	cleavage	23	24
2930960358	310	cleavage	21	22
2930960413	602	cleavage	20	21
2930960434	60	cleavage	28	29
2930960456	165	cleavage	29	30
2930960462	116	cleavage	33	34
2930960464	216	cleavage	30	31
2930960465	920	cleavage	30	31
2930960467	191	cleavage	30	31
2930960487	271	cleavage	31	32
2930960551	333	cleavage	22	23
2930960553	536	cleavage	24	25
2930960555	89	cleavage	28	29
2930960564	533	cleavage	27	28
2930960566	258	cleavage	29	30
2930960567	535	cleavage	24	25
2930960634	185	cleavage	24	25
2930960678	473	cleavage	31	32
