gene_oid	gene_length	superfam_id	db_name	percent_identity	query_start	query_end	evalue	bit_score	align_length
2930958173	254	SM01245	SMART	100	3	54	9.3e-21	67.6	52
2930958173	254	SM00393	SMART	90.36	178	254	2.5e-18	59.7	77
2930958174	464	SM00382	SMART	23.91	224	357	1.1e-04	15.7	134
2930958175	636	SM01228	SMART	98.61	554	625	7.5e-41	132.8	72
2930958187	154	SM00347	SMART	95.05	27	127	5.3e-22	71.4	101
2930958195	51	SM01398	SMART	15.79	12	51	3.2e-03	10	40
2930958196	485	SM00155	SMART	90	217	244	3.2e-17	55.2	28
2930958196	485	SM00155	SMART	96.67	398	425	3.2e-17	55.2	28
2930958197	301	SM00342	SMART	95.24	200	282	3.8e-22	71.9	83
2930958208	311	SM00382	SMART	86.96	31	218	1.3e-15	51.1	188
2930958209	176	SM00419	SMART	66	52	99	2.5e-05	17.3	48
2930958209	176	SM00569	SMART	51.61	107	150	8.1e-04	13	44
2930958219	253	SM00342	SMART	78.57	180	246	9.3e-24	77.2	67
2930958222	422	SM00818	SMART	25.67	248	344	2.6e+00	.1	97
2930958222	422	SM00818	SMART	9.09	350	394	2.6e+00	.1	45
2930958225	285	SM00185	SMART	60.53	224	260	1.8e-03	12	37
2930958228	321	SM01038	SMART	99.68	17	316	1.0e-102	337.7	300
2930958229	379	SM00382	SMART	95.65	30	213	1.2e-15	51.2	184
2930958238	67	SM00530	SMART	98.21	4	59	1.7e-18	60	56
2930958239	387	SM00382	SMART	65.22	38	261	1.1e-08	28.7	224
2930958240	212	SM01057	SMART	5.8	5	36	5.2e-37	120.5	32
2930958240	212	SM01057	SMART	69.97	51	206	5.2e-37	120.5	156
2930958243	205	SM01266	SMART	96.92	4	58	9.9e-20	64.3	55
2930958249	651	SM00889	SMART	97.89	392	504	4.8e-26	84.9	113
2930958249	651	SM00838	SMART	73.86	511	593	2.0e-07	23.5	83
2930958252	230	SM00345	SMART	98.33	13	74	2.7e-15	49.5	62
2930958259	239	SM00934	SMART	100	3	230	9.4e-80	261.9	228
2930958263	287	SM00342	SMART	94.05	191	272	1.2e-21	70.4	82
2930958272	52	SM00834	SMART	35.56	5	30	1.2e-04	15.2	26
2930958272	52	SM00834	SMART	17.78	35	51	1.2e-04	15.2	17
2930958275	418	SM00363	SMART	76.19	359	413	1.0e-09	31.7	55
2930958285	295	SM00347	SMART	19.8	15	87	7.4e-05	15.5	73
2930958286	543	SM01274	SMART	98.91	69	251	5.3e-84	275.8	183
2930958286	543	SM00919	SMART	99.33	261	517	1.1e-106	350.7	257
2930958292	227	SM00382	SMART	77.17	32	220	5.1e-18	58.9	189
2930958300	226	SM00100	SMART	86.18	18	133	1.4e-17	57.1	116
2930958303	128	SM00418	SMART	67.09	23	91	4.1e-04	13	69
2930958307	140	SM00422	SMART	98.61	3	72	2.3e-22	72.3	70
2930958309	557	SM00642	SMART	100	13	425	0.0e+00	514.4	413
2930958311	332	SM00354	SMART	94.44	2	72	7.5e-25	80.4	71
2930958322	277	SM00855	SMART	95.89	40	227	3.0e-16	53.2	188
2930958333	53	SM01381	SMART	9.51	5	52	7.3e-03	7.3	48
2930958339	259	SM00382	SMART	93.48	37	220	3.0e-20	66.1	184
2930958341	465	SM00345	SMART	93.33	17	76	1.3e-22	73.2	60
2930958346	325	SM00354	SMART	100	4	74	3.0e-32	104.6	71
2930958350	564	SM00564	SMART	36.36	213	224	3.3e-03	11.1	12
2930958350	564	SM00564	SMART	81.82	364	393	3.3e-03	11.1	30
2930958357	120	SM00530	SMART	98.21	8	63	6.7e-22	70.9	56
2930958365	150	SM00347	SMART	79.21	28	118	2.2e-17	56.3	91
2930958377	139	SM00530	SMART	100	5	70	8.9e-14	44.8	66
2930958381	535	SM00322	SMART	88.89	205	273	7.6e-08	25.8	69
2930958381	535	SM00471	SMART	94.92	330	436	1.1e-15	50.6	107
2930958382	439	SM00382	SMART	93.48	51	165	2.6e-16	53.4	115
2930958385	241	SM00422	SMART	97.22	4	72	3.2e-25	81.7	69
2930958385	241	SM00714	SMART	59.74	156	200	1.4e-01	5.3	45
2930958385	241	SM00714	SMART	10.39	219	230	1.4e-01	5.3	12
2930958388	164	SM00422	SMART	98.61	3	72	1.1e-23	76.7	70
2930958391	216	SM00382	SMART	79.35	32	210	1.2e-17	57.8	179
2930958397	641	SM00382	SMART	96.74	32	226	2.0e-18	60.3	195
2930958414	126	SM00347	SMART	87.13	34	123	4.5e-11	35.8	90
2930958426	278	SM00470	SMART	100	26	116	6.9e-32	104.3	91
2930958427	255	SM00382	SMART	48.91	12	168	2.3e-04	14.8	157
2930958428	294	SM00470	SMART	97.12	30	122	3.3e-33	108.6	93
2930958430	366	SM00382	SMART	34.78	3	152	4.5e-04	13.8	150
2930958433	379	SM01240	SMART	100	11	367	0.0e+00	784.4	357
2930958434	229	SM00448	SMART	100	1	112	5.1e-45	147.5	112
2930958435	388	SM00304	SMART	66.04	96	141	3.5e-03	11.3	46
2930958435	388	SM00388	SMART	97.75	149	216	5.0e-17	56.2	68
2930958435	388	SM00387	SMART	99.23	262	374	1.4e-37	122.9	113
2930958436	439	SM00936	SMART	100	317	424	4.0e-14	46.1	108
2930958445	396	SM00248	SMART	63.33	353	379	8.0e-04	13.4	27
2930958446	303	SM00028	SMART	52.94	33	64	8.7e-02	6.7	32
2930958450	230	SM00855	SMART	100	3	189	3.2e-29	95.5	187
2930958457	388	SM00966	SMART	68.09	4	44	4.3e-04	13.9	41
2930958461	276	SM00448	SMART	94.67	1	114	1.7e-21	70.3	114
2930958462	432	SM00387	SMART	93.08	314	425	5.7e-18	58.6	112
2930958469	226	SM00100	SMART	97.56	19	137	2.0e-09	30.6	119
2930958469	226	SM00419	SMART	72	181	224	2.2e-07	24	44
2930958490	231	SM01418	SMART	47.06	3	39	1.3e-02	9	37
2930958490	231	SM00287	SMART	26.09	176	224	9.0e-02	6.1	49
2930958499	124	SM00345	SMART	100	13	72	4.5e-20	65.1	60
2930958500	236	SM00382	SMART	68.48	29	214	2.9e-15	50.1	186
2930958504	177	SM00347	SMART	91.09	40	133	3.3e-25	81.9	94
2930958505	587	SM00382	SMART	80.43	375	564	1.4e-16	54.3	190
2930958509	574	SM00014	SMART	86.34	174	290	2.0e-11	37.1	117
2930958515	550	SM00382	SMART	83.7	31	223	1.5e-28	93.1	193
2930958515	550	SM00382	SMART	73.91	326	506	1.5e-28	93.1	181
2930958519	307	SM00342	SMART	98.81	177	260	1.2e-33	109.5	84
2930958526	133	SM00347	SMART	72.28	26	112	6.0e-11	35.4	87
2930958528	142	SM00422	SMART	98.61	6	74	1.7e-28	92.4	69
2930958532	316	SM00641	SMART	16.26	38	63	3.0e-03	10.5	26
2930958532	316	SM00641	SMART	51.22	161	227	3.0e-03	10.5	67
2930958536	1049	SM00382	SMART	21.74	27	94	1.3e-05	18.8	68
2930958536	1049	SM00382	SMART	44.57	802	1049	1.3e-05	18.8	248
2930958539	34	SM00243	SMART	26.32	3	26	9.5e-03	8.3	24
2930958543	354	SM00382	SMART	95.65	35	238	1.2e-17	57.7	204
2930958543	354	SM00930	SMART	98.82	271	346	5.5e-31	100.7	76
2930958554	379	SM00478	SMART	98.88	44	195	3.1e-52	171.1	152
2930958558	67	SM00357	SMART	98.57	3	66	6.1e-33	107.3	64
2930958559	79	SM01117	SMART	98.41	6	78	5.8e-15	49.1	73
2930958560	328	SM00421	SMART	52.63	3	44	5.9e-05	15.8	42
2930958561	49	SM00461	SMART	30.65	9	47	4.6e-03	9.7	39
2930958572	202	SM01266	SMART	100	5	57	1.1e-16	54.5	53
2930958578	284	SM00530	SMART	91.07	6	59	1.3e-11	37.9	54
2930958578	284	SM00028	SMART	70.59	150	178	2.1e-04	15	29
2930958584	147	SM01022	SMART	99.3	25	147	4.2e-41	135	123
2930958587	112	SM00418	SMART	96.2	16	97	5.4e-21	68	82
2930958589	321	SM00893	SMART	88.31	6	188	4.6e-37	121.3	183
2930958589	321	SM00893	SMART	6.93	215	237	4.6e-37	121.3	23
2930958590	264	SM00893	SMART	98.27	22	215	2.3e-59	194.7	194
2930958608	167	SM00347	SMART	82.18	28	122	3.5e-18	58.9	95
2930958615	356	SM00644	SMART	97.79	58	197	1.3e-36	119.9	140
2930958615	356	SM00456	SMART	67.65	270	295	2.0e+00	2.2	26
2930958623	870	SM00220	SMART	11.26	244	372	6.7e-05	14.4	129
2930958623	870	SM00220	SMART	9.96	391	475	6.7e-05	14.4	85
2930958624	529	SM00382	SMART	95.65	347	529	5.2e-16	52.4	183
2930958627	788	SM00487	SMART	20.09	186	266	2.1e-08	26.7	81
2930958627	788	SM00487	SMART	15.53	299	405	2.1e-08	26.7	107
2930958634	267	SM00382	SMART	77.17	47	247	5.4e-11	36.1	201
2930958638	370	SM00382	SMART	97.83	30	213	9.1e-21	67.8	184
2930958647	253	SM01001	SMART	81.82	118	245	4.1e-41	133.8	128
2930958649	228	SM00419	SMART	96	164	218	5.8e-07	22.6	55
2930958658	298	SM00382	SMART	95.65	27	206	6.9e-14	45.5	180
2930958661	336	SM00870	SMART	100	15	328	0.0e+00	470.7	314
2930958664	80	SM00647	SMART	32.05	1	56	5.0e-06	19.5	56
2930958669	469	SM00382	SMART	71.74	30	230	2.1e-31	102.2	201
2930958669	469	SM00382	SMART	90.22	277	466	2.1e-31	102.2	190
2930958673	222	SM01059	SMART	99.52	6	210	1.8e-105	346.3	205
2930958675	252	SM00421	SMART	63.16	72	111	9.5e-06	18.2	40
2930958686	220	SM00855	SMART	97.26	6	181	1.5e-23	77	176
2930958689	156	SM00422	SMART	81.94	19	82	8.0e-17	54.2	64
2930958698	207	SM00047	SMART	93.48	58	206	1.6e-40	132.5	149
2930958703	256	SM00382	SMART	83.7	35	231	8.8e-14	45.2	197
2930958709	257	SM00382	SMART	85.87	36	230	4.7e-14	46	195
2930958712	518	SM00382	SMART	80.43	28	234	1.2e-22	73.9	207
2930958712	518	SM00382	SMART	75	345	511	1.2e-22	73.9	167
2930958715	811	SM00940	SMART	100	1	159	2.0e-84	276.9	159
2930958715	811	SM00939	SMART	99.72	544	805	1.3e-76	252.3	262
2930958718	190	SM00382	SMART	17.39	2	140	4.1e-04	13.8	139
2930958722	246	SM00382	SMART	72.83	28	229	1.2e-19	64.1	202
2930958723	278	SM00062	SMART	98.36	43	266	1.5e-68	224.6	224
2930958726	425	SM00382	SMART	34.78	200	299	2.1e-06	21.3	100
2930958731	366	SM00382	SMART	94.57	36	235	3.9e-19	62.5	200
2930958732	319	SM00382	SMART	78.26	39	243	6.1e-18	58.6	205
2930958733	216	SM00855	SMART	98.63	4	176	5.4e-24	78.4	173
2930958745	191	SM00749	SMART	59.38	112	162	4.0e+00	1.5	51
2930958746	140	SM00419	SMART	68	22	62	4.1e-03	10.2	41
2930958747	591	SM00487	SMART	93.15	15	211	4.9e-34	110.9	197
2930958747	591	SM00487	SMART	31.96	243	303	4.9e-34	110.9	61
2930958747	591	SM00956	SMART	97.64	405	508	2.4e-41	134.9	104
2930958747	591	SM00341	SMART	92.59	515	591	9.7e-26	83.4	77
2930958748	496	SM00813	SMART	100	290	486	8.1e-68	222.6	197
2930958752	296	SM00418	SMART	72.15	13	72	2.3e-16	52.9	60
2930958753	199	SM01266	SMART	98.46	6	59	1.8e-17	57	54
2930958754	361	SM00345	SMART	100	8	67	1.4e-19	63.3	60
2930958757	242	SM01007	SMART	98.94	7	197	2.5e-69	227.9	191
2930958759	187	SM01266	SMART	100	6	60	2.4e-20	66.2	55
2930958760	56	SM00818	SMART	21.93	5	46	1.3e+00	.8	42
2930958777	145	SM00422	SMART	79.17	19	78	1.3e-16	53.5	60
2930958780	215	SM00529	SMART	99.01	23	122	8.1e-41	132.8	100
2930958780	215	SM00899	SMART	96.67	142	215	3.9e-12	39.9	74
2930958787	210	SM00382	SMART	27.17	1	146	2.2e-04	14.7	146
2930958798	828	SM00382	SMART	92.39	207	351	1.7e-28	92.8	145
2930958798	828	SM00382	SMART	75	548	690	1.7e-28	92.8	143
2930958798	828	SM01086	SMART	99.02	725	814	8.6e-37	119.9	90
2930958802	1215	SM00663	SMART	100	225	504	0.0e+00	563.6	280
2930958806	699	SM00889	SMART	100	481	599	3.0e-74	243.3	119
2930958806	699	SM00838	SMART	100	601	688	1.2e-56	184.8	88
2930958808	102	SM01403	SMART	100	7	101	4.3e-65	212.7	95
2930958812	282	SM01383	SMART	100	43	119	1.7e-49	161.8	77
2930958812	282	SM01382	SMART	100	125	256	8.5e-90	294.3	132
2930958815	219	SM00322	SMART	96.83	59	124	2.1e-12	40.5	66
2930958819	122	SM01374	SMART	99.32	1	122	8.7e-87	284.3	122
2930958820	103	SM00739	SMART	89.29	2	29	1.2e-10	34.4	28
2930958829	219	SM00778	SMART	29.27	126	141	1.1e-02	9.1	16
2930958829	219	SM00778	SMART	26.83	150	170	1.1e-02	9.1	21
2930958830	72	SM00316	SMART	91.67	7	72	1.9e-13	43.8	66
2930958831	39	SM01384	SMART	11.34	12	39	3.5e-03	8.4	28
2930958834	316	SM00662	SMART	100	18	229	2.4e-100	330.1	212
2930958836	279	SM00382	SMART	94.57	33	217	2.4e-19	63.2	185
2930958837	290	SM00382	SMART	73.91	36	225	2.9e-16	53.2	190
2930958858	577	SM00382	SMART	75	360	556	7.1e-19	61.7	197
2930958859	579	SM00382	SMART	78.26	367	553	2.4e-18	60	187
2930958865	676	SM00532	SMART	99.78	13	451	0.0e+00	832.9	439
2930958865	676	SM00278	SMART	85	449	468	7.0e-06	19.7	20
2930958865	676	SM00278	SMART	90	483	502	7.0e-06	19.7	20
2930958865	676	SM00292	SMART	90.32	601	674	4.4e-14	46.3	74
2930958869	473	SM00845	SMART	100	325	471	1.8e-75	247.7	147
2930958870	339	SM00046	SMART	79.62	4	126	7.0e-14	44.9	123
2930958876	143	SM00382	SMART	27.17	1	116	1.8e-06	21.5	116
2930958878	362	SM00342	SMART	100	181	264	2.6e-32	105.1	84
2930958879	92	SM00877	SMART	100	4	80	1.2e-39	129.1	77
2930958880	238	SM00877	SMART	80	48	127	1.9e-34	112.2	80
2930958880	238	SM00877	SMART	81.18	152	229	1.9e-34	112.2	78
2930958886	162	SM00877	SMART	100	2	77	1.9e-31	102.4	76
2930958887	96	SM00877	SMART	100	3	79	2.6e-40	131.3	77
2930958896	114	SM00877	SMART	77.65	42	113	4.3e-24	78.4	72
2930958899	118	SM00530	SMART	76.79	12	72	7.0e-14	45.2	61
2930958900	70	SM00530	SMART	98.21	7	62	6.7e-15	48.5	56
2930958902	229	SM01133	SMART	99.66	7	220	2.7e-100	330.4	214
2930958906	432	SM00941	SMART	97.33	345	418	1.1e-32	106.1	74
2930958913	286	SM00530	SMART	37.5	20	60	8.9e-06	19.2	41
2930958917	441	SM00487	SMART	83.56	13	201	6.5e-45	146.7	189
2930958917	441	SM00490	SMART	84.88	221	325	5.4e-30	97.6	105
2930958941	868	SM00831	SMART	78.67	3	70	2.7e-16	52.7	68
2930958943	696	SM00382	SMART	86.96	90	231	3.4e-29	95.1	142
2930958943	696	SM00382	SMART	75	420	589	3.4e-29	95.1	170
2930958943	696	SM01086	SMART	100	590	677	1.1e-30	100	88
2930958969	189	SM00235	SMART	87.75	40	189	6.3e-15	48.7	150
2930958977	215	SM00382	SMART	22.83	6	102	9.7e-04	12.7	97
2930958984	158	SM00347	SMART	86.14	30	128	2.1e-28	92.2	99
2930958989	836	SM00382	SMART	22.83	28	81	1.3e-10	35	54
2930958989	836	SM00382	SMART	16.3	525	545	1.3e-10	35	21
2930958989	836	SM00382	SMART	59.78	626	797	1.3e-10	35	172
2930958995	232	SM00100	SMART	98.37	22	143	8.6e-29	93.5	122
2930958995	232	SM00419	SMART	90	173	221	2.3e-18	59.3	49
2930959001	419	SM00644	SMART	97.79	53	186	1.0e-34	113.7	134
2930959001	419	SM00287	SMART	50.72	292	336	8.0e-03	9.5	45
2930959001	419	SM00287	SMART	52.17	372	417	8.0e-03	9.5	46
2930959004	563	SM01016	SMART	98.97	1	84	4.0e-29	95.7	84
2930959004	563	SM00836	SMART	100	450	563	2.7e-40	131.4	114
2930959010	324	SM00471	SMART	72.88	163	287	2.8e-06	20.4	125
2930959014	292	SM00382	SMART	83.7	75	258	1.6e-12	41.1	184
2930959022	219	SM00954	SMART	98.48	44	165	4.0e-47	154.5	122
2930959037	781	SM00382	SMART	84.78	449	630	1.7e-06	21.6	182
2930959037	781	SM00843	SMART	100	708	773	5.2e-43	140	66
2930959038	40	SM00831	SMART	25.33	2	32	4.5e-03	9.6	31
2930959040	143	SM00966	SMART	38.3	9	30	3.4e-07	23.8	22
2930959040	143	SM00966	SMART	34.04	81	101	3.4e-07	23.8	21
2930959043	719	SM00740	SMART	97.01	600	660	1.4e-21	70	61
2930959043	719	SM00740	SMART	88.06	661	717	1.4e-21	70	57
2930959048	442	SM00842	SMART	98.97	7	194	4.0e-89	292.3	188
2930959049	419	SM00864	SMART	100	14	206	2.7e-117	385.8	193
2930959052	259	SM00363	SMART	80.95	182	241	2.3e-12	40.4	60
2930959055	74	SM00357	SMART	98.57	3	66	2.2e-23	76.3	64
2930959062	218	SM00855	SMART	98.63	2	162	8.3e-24	77.9	161
2930959063	226	SM00028	SMART	88.24	33	65	1.0e-18	60	33
2930959063	226	SM00028	SMART	67.65	72	96	1.0e-18	60	25
2930959063	226	SM00028	SMART	94.12	103	136	1.0e-18	60	34
2930959063	226	SM00028	SMART	70.59	144	170	1.0e-18	60	27
2930959063	226	SM00028	SMART	38.24	189	202	1.0e-18	60	14
2930959064	841	SM00278	SMART	75	109	125	7.3e-06	19.8	17
2930959064	841	SM00382	SMART	67.39	360	555	1.0e-09	32.1	196
2930959065	328	SM01400	SMART	100	10	126	2.4e-73	240	117
2930959065	328	SM01400	SMART	7.84	240	255	2.4e-73	240	16
2930959068	292	SM00062	SMART	100	42	270	7.1e-56	183	229
2930959073	335	SM00354	SMART	97.22	4	75	1.3e-24	79.8	72
2930959078	530	SM00257	SMART	97.78	33	78	6.3e-34	109.9	46
2930959078	530	SM00257	SMART	100	85	128	6.3e-34	109.9	44
2930959081	559	SM00849	SMART	93.5	23	217	1.3e-28	94.2	195
2930959092	614	SM00838	SMART	87.5	402	483	3.2e-11	36.1	82
2930959097	349	SM00228	SMART	90	98	191	3.0e-11	37.2	94
2930959098	231	SM00278	SMART	95	179	198	9.0e-12	37.9	20
2930959098	231	SM00278	SMART	85	209	225	9.0e-12	37.9	17
2930959100	747	SM00849	SMART	98.37	491	695	2.8e-13	43.8	205
2930959103	89	SM01387	SMART	100	7	88	5.6e-51	166.6	82
2930959104	610	SM00849	SMART	90.24	17	208	1.9e-28	93.6	192
2930959108	418	SM00994	SMART	95.35	10	49	5.1e-25	81.2	40
2930959108	418	SM00382	SMART	90.22	111	270	3.6e-16	53	160
2930959108	418	SM01086	SMART	99.02	316	412	3.2e-35	114.9	97
2930959109	197	SM00382	SMART	25	26	124	4.4e-03	10.7	99
2930959112	605	SM00465	SMART	98.04	16	96	7.9e-23	75.3	81
2930959112	605	SM00278	SMART	85	538	557	2.1e-05	18.4	20
2930959117	129	SM00338	SMART	32.31	73	105	2.7e-03	11.2	33
2930959117	129	SM00338	SMART	26.15	107	127	2.7e-03	11.2	21
2930959123	296	SM00046	SMART	85.99	3	118	9.8e-12	37.9	116
2930959128	154	SM00562	SMART	96.48	4	144	2.9e-56	183.9	141
2930959130	220	SM00855	SMART	97.26	5	179	1.6e-25	83.5	175
2930959136	82	SM01139	SMART	21.79	3	79	1.5e-03	10.8	77
2930959138	586	SM00382	SMART	77.17	362	554	4.8e-16	52.6	193
2930959139	597	SM00382	SMART	81.52	381	571	3.7e-15	49.8	191
2930959140	213	SM00563	SMART	99.26	34	144	4.0e-31	101.7	111
2930959154	1445	SM00481	SMART	100	339	406	4.5e-30	98	68
2930959154	1445	SM00479	SMART	93.37	424	580	8.9e-42	136.9	157
2930959157	401	SM00316	SMART	88.89	134	199	5.2e-11	36	66
2930959157	401	SM00322	SMART	38.1	245	298	3.5e-10	33.4	54
2930959157	401	SM00322	SMART	53.97	301	363	3.5e-10	33.4	63
2930959163	315	SM00904	SMART	99.27	186	311	7.2e-58	189.2	126
2930959167	382	SM00271	SMART	98.61	4	61	2.1e-31	102.1	58
2930959173	610	SM00838	SMART	85.23	410	488	5.5e-10	32	79
2930959188	127	SM00530	SMART	92.86	11	67	3.6e-15	49.5	57
2930959189	85	SM00530	SMART	96.43	10	65	1.3e-06	22	56
2930959221	89	SM00257	SMART	100	46	89	8.4e-10	32.2	44
2930959222	367	SM00338	SMART	33.85	204	229	1.6e-02	8.8	26
2930959222	367	SM00338	SMART	63.08	215	257	1.6e-02	8.8	43
2930959237	215	SM00257	SMART	88.89	176	215	1.2e-07	25.2	40
2930959245	332	SM00564	SMART	48.48	105	130	4.5e-03	10.8	26
2930959245	332	SM00564	SMART	63.64	268	294	4.5e-03	10.8	27
2930959266	35	SM00756	SMART	12.35	2	27	1.0e-03	11.4	26
2930959273	744	SM00471	SMART	94.92	46	158	3.6e-14	45.9	113
2930959273	744	SM00954	SMART	99.24	240	350	4.9e-71	233.2	111
2930959277	283	SM00287	SMART	92.75	33	93	1.5e-14	47.4	61
2930959277	283	SM00646	SMART	96.32	167	282	7.8e-26	84.4	116
2930959286	309	SM00518	SMART	99.33	5	288	1.1e-100	330.6	284
2930959292	328	SM00382	SMART	56.52	137	288	1.0e-03	12.6	152
2930959295	301	SM00382	SMART	67.39	7	122	2.3e-06	21.2	116
2930959298	691	SM00914	SMART	64.86	661	686	5.5e-02	7	26
2930959299	612	SM00400	SMART	98.18	35	89	8.0e-35	113.1	55
2930959306	870	SM00382	SMART	94.57	200	344	4.4e-30	98	145
2930959306	870	SM00382	SMART	81.52	599	740	4.4e-30	98	142
2930959306	870	SM01086	SMART	100	770	859	1.2e-33	109.7	90
2930959307	1121	SM00481	SMART	88	3	69	5.7e-19	61.8	67
2930959310	293	SM00316	SMART	40.28	75	118	7.6e-07	22.5	44
2930959310	293	SM00316	SMART	62.5	174	214	7.6e-07	22.5	41
2930959315	240	SM00363	SMART	80.95	2	60	8.8e-17	54.5	59
2930959318	473	SM00487	SMART	95.89	14	209	1.7e-30	99.3	196
2930959319	204	SM00257	SMART	93.33	160	204	4.5e-11	36.2	45
2930959320	226	SM00382	SMART	35.87	5	167	1.9e-04	15	163
2930959321	434	SM00316	SMART	81.94	26	86	1.2e-82	267.4	61
2930959321	434	SM00316	SMART	100	118	185	1.2e-82	267.4	68
2930959321	434	SM00316	SMART	98.61	204	274	1.2e-82	267.4	71
2930959321	434	SM00316	SMART	97.22	289	360	1.2e-82	267.4	72
2930959322	435	SM00382	SMART	56.52	2	132	2.8e-10	33.9	131
2930959322	435	SM00382	SMART	33.7	176	362	2.8e-10	33.9	187
2930959323	91	SM00411	SMART	98.97	2	91	1.2e-54	178.6	90
2930959324	419	SM00028	SMART	70.59	67	93	2.3e-15	49.4	27
2930959324	419	SM00028	SMART	61.76	136	163	2.3e-15	49.4	28
2930959324	419	SM00028	SMART	61.76	175	198	2.3e-15	49.4	24
2930959324	419	SM00028	SMART	55.88	205	232	2.3e-15	49.4	28
2930959324	419	SM00028	SMART	76.47	243	271	2.3e-15	49.4	29
2930959324	419	SM00028	SMART	94.12	272	305	2.3e-15	49.4	34
2930959324	419	SM00028	SMART	76.47	340	367	2.3e-15	49.4	28
2930959327	630	SM00382	SMART	77.17	28	230	6.1e-28	91.1	203
2930959327	630	SM00382	SMART	86.96	344	520	6.1e-28	91.1	177
2930959343	703	SM00493	SMART	97.12	19	118	1.3e-30	100.5	100
2930959343	703	SM00436	SMART	97.83	120	208	7.7e-55	178.7	89
2930959343	703	SM00437	SMART	99.35	259	521	5.5e-119	391.7	263
2930959346	470	SM01086	SMART	95.1	362	460	5.4e-28	91.2	99
2930959348	207	SM01207	SMART	100	8	188	1.7e-81	267.4	181
2930959349	655	SM00433	SMART	99.84	37	636	0.0e+00	1154.7	600
2930959350	815	SM00434	SMART	100	10	463	0.0e+00	829.5	454
2930959352	309	SM01131	SMART	98.57	181	307	6.4e-62	202.7	127
2930959362	267	SM00422	SMART	95.83	2	70	4.8e-19	61.5	69
2930959363	216	SM00478	SMART	99.44	39	187	6.1e-48	157	149
2930959371	142	SM00347	SMART	97.03	21	120	1.5e-13	43.9	100
2930959373	858	SM01096	SMART	98.39	420	540	2.5e-44	144.8	121
2930959374	358	SM01097	SMART	99.34	2	133	2.8e-64	210.2	132
2930959376	307	SM00363	SMART	80.95	12	76	7.3e-12	38.7	65
2930959390	380	SM00981	SMART	94.02	59	155	3.4e-09	30.2	97
2930959392	117	SM00338	SMART	33.85	43	69	3.4e-06	20.6	27
2930959392	117	SM00338	SMART	23.08	86	104	3.4e-06	20.6	19
2930959396	120	SM00450	SMART	89.36	22	116	7.8e-13	41.6	95
2930959397	173	SM00347	SMART	97.03	49	150	5.9e-23	74.5	102
2930959401	948	SM00479	SMART	97.96	6	173	1.3e-42	139.5	168
2930959401	948	SM00487	SMART	33.33	253	350	8.7e-14	44.5	98
2930959401	948	SM00487	SMART	8.68	418	482	8.7e-14	44.5	65
2930959401	948	SM00491	SMART	96.88	768	900	7.6e-30	97.6	133
2930959416	144	SM00347	SMART	90.1	26	120	9.8e-18	57.5	95
2930959417	148	SM00422	SMART	95.83	3	70	2.8e-26	85.1	68
2930959429	241	SM00382	SMART	82.61	30	217	5.9e-13	42.5	188
2930959434	132	SM00226	SMART	96.77	2	131	2.4e-50	164.8	130
2930959436	667	SM00382	SMART	85.87	32	224	3.4e-14	46.6	193
2930959442	67	SM00530	SMART	89.29	5	61	3.6e-10	33.3	57
2930959451	274	SM00530	SMART	98.21	8	62	5.9e-14	45.5	55
2930959451	274	SM00028	SMART	94.12	112	144	9.4e-02	6.6	33
2930959456	488	SM01060	SMART	99.74	6	389	0.0e+00	903.3	384
2930959459	117	SM00422	SMART	95.83	1	69	3.5e-18	58.7	69
2930959464	76	SM01408	SMART	31.03	14	67	6.7e-03	9.7	54
2930959468	146	SM00850	SMART	95.65	50	145	3.2e-21	69.3	96
2930959476	277	SM00355	SMART	47.83	27	39	7.2e-03	10.8	13
2930959476	277	SM00355	SMART	43.48	46	57	7.2e-03	10.8	12
2930959477	466	SM00878	SMART	100	336	443	3.1e-55	180.7	108
2930959485	155	SM00347	SMART	96.04	35	135	3.4e-19	62.3	101
2930959495	390	SM00382	SMART	88.04	18	184	5.5e-06	20	167
2930959496	882	SM00831	SMART	100	5	78	1.2e-28	93	74
2930959497	482	SM00963	SMART	98.95	3	87	9.0e-34	110.5	85
2930959497	482	SM00962	SMART	100	101	297	1.9e-115	379.6	197
2930959499	487	SM00963	SMART	97.89	176	257	2.7e-24	79.6	82
2930959499	487	SM00962	SMART	100	275	476	6.3e-124	407.6	202
2930959500	1183	SM00382	SMART	18.48	23	83	5.3e-08	26.6	61
2930959500	1183	SM00968	SMART	98.1	519	638	1.7e-37	122.5	120
2930959500	1183	SM00382	SMART	40.22	984	1160	5.3e-08	26.6	177
2930959501	229	SM00535	SMART	98.57	21	156	1.6e-53	175	136
2930959501	229	SM00358	SMART	98.53	163	229	6.3e-22	71.6	67
2930959504	677	SM00487	SMART	95.43	249	438	1.8e-38	125.7	190
2930959504	677	SM00487	SMART	24.66	483	539	1.8e-38	125.7	57
2930959505	565	SM01120	SMART	98.92	36	201	1.2e-65	215.3	166
2930959505	565	SM01121	SMART	100	242	565	0.0e+00	624.5	324
2930959508	224	SM00983	SMART	97.3	147	210	2.9e-21	69.2	64
2930959511	669	SM00220	SMART	93.07	11	259	3.3e-69	226.9	249
2930959511	669	SM00740	SMART	97.01	363	430	2.7e-38	124	68
2930959511	669	SM00740	SMART	100	431	498	2.7e-38	124	68
2930959511	669	SM00740	SMART	98.51	499	565	2.7e-38	124	67
2930959512	248	SM00331	SMART	92.4	9	240	2.7e-48	158.3	232
2930959515	805	SM00487	SMART	88.58	265	464	1.2e-29	96.7	200
2930959517	71	SM01409	SMART	94.87	9	62	2.3e-17	56.2	54
2930959518	204	SM00072	SMART	99.51	4	187	5.7e-72	235.8	184
2930959521	564	SM00382	SMART	38.04	21	222	9.6e-05	16	202
2930959525	81	SM01358	SMART	13.7	7	76	8.8e-03	9	70
2930959530	186	SM01185	SMART	100	68	122	3.8e-29	94.8	55
2930959530	186	SM00841	SMART	100	130	185	6.1e-36	116.9	56
2930959540	446	SM01230	SMART	99.7	107	356	0.0e+00	469.4	250
2930959541	128	SM00422	SMART	93.06	13	81	2.8e-25	81.9	69
2930959542	307	SM00382	SMART	31.52	3	147	2.8e-04	14.5	145
2930959545	138	SM00450	SMART	90.43	40	132	3.2e-18	59.2	93
2930959556	223	SM00382	SMART	57.61	6	160	5.2e-08	26.6	155
2930959558	802	SM00873	SMART	99.1	219	392	1.1e-86	284.5	174
2930959558	802	SM00896	SMART	100	709	802	8.9e-44	143.3	94
2930959561	165	SM00471	SMART	79.66	35	143	2.4e-07	23.9	109
2930959562	256	SM00967	SMART	97.92	32	102	7.3e-13	42.8	71
2930959566	536	SM00304	SMART	92.45	218	272	3.1e-08	27.5	55
2930959566	536	SM00388	SMART	98.88	273	340	2.1e-20	67.1	68
2930959566	536	SM00387	SMART	96.92	385	497	4.0e-35	114.8	113
2930959567	228	SM00448	SMART	99.33	2	112	1.3e-44	146.2	111
2930959570	104	SM00418	SMART	94.94	13	91	2.7e-21	69.1	79
2930959572	62	SM00834	SMART	20	23	38	2.8e-02	7.7	16
2930959572	62	SM00834	SMART	15.56	35	55	2.8e-02	7.7	21
2930959577	197	SM00471	SMART	86.44	26	161	1.2e-12	40.9	136
2930959579	102	SM01103	SMART	100	2	85	2.0e-37	121.9	84
2930959586	647	SM00863	SMART	94.2	170	218	1.5e-16	54.4	49
2930959587	308	SM00382	SMART	63.04	156	294	1.3e-07	25.3	139
2930959589	166	SM00355	SMART	34.78	2	14	2.1e-02	9.4	13
2930959589	166	SM00355	SMART	56.52	29	46	2.1e-02	9.4	18
2930959591	286	SM01232	SMART	99.16	134	226	1.2e-39	129.7	93
2930959592	886	SM00475	SMART	98.91	4	267	6.2e-130	427.7	264
2930959592	886	SM00474	SMART	83.66	330	477	7.5e-14	45.1	148
2930959592	886	SM00482	SMART	100	644	850	1.7e-112	369.7	207
2930959598	917	SM00382	SMART	73.91	583	770	1.3e-08	28.5	188
2930959598	917	SM00843	SMART	100	834	899	1.3e-32	106.1	66
2930959603	369	SM01003	SMART	100	4	135	1.8e-72	237.3	132
2930959603	369	SM01002	SMART	100	147	296	6.8e-78	255.8	150
2930959604	168	SM00463	SMART	37.23	15	44	6.2e-03	9.8	30
2930959604	168	SM00463	SMART	23.4	66	102	6.2e-03	9.8	37
2930959607	229	SM00363	SMART	60.32	5	60	2.1e-07	24.4	56
2930959611	224	SM00382	SMART	80.43	26	202	1.9e-11	37.8	177
2930959613	213	SM00014	SMART	95.65	88	202	1.3e-28	93.5	115
2930959618	44	SM00052	SMART	11.76	1	43	6.2e-04	11.1	43
2930959625	67	SM01087	SMART	5.73	14	66	1.9e-02	5.5	53
2930959636	433	SM00257	SMART	71.11	350	389	5.6e-11	35.9	40
2930959653	139	SM00507	SMART	97.3	12	88	3.4e-07	24.4	77
2930959658	146	SM00184	SMART	43.48	101	136	5.1e-04	14	36
2930959684	232	SM00382	SMART	76.09	13	165	2.3e-07	24.5	153
2930959689	84	SM00530	SMART	80.36	11	67	2.4e-09	30.7	57
2930959696	134	SM00530	SMART	100	6	59	2.1e-14	47	54
2930959698	165	SM01127	SMART	41.57	7	149	4.8e-02	6.7	143
2930959705	400	SM00382	SMART	65.22	38	197	4.5e-09	30	160
2930959727	129	SM00316	SMART	100	4	75	2.2e-24	79.2	72
2930959752	321	SM00382	SMART	36.96	131	279	2.2e-07	24.5	149
2930959754	492	SM00062	SMART	93.85	43	266	1.5e-38	125.8	224
2930959755	246	SM00382	SMART	77.17	30	220	2.0e-19	63.5	191
2930959757	333	SM00354	SMART	100	5	75	4.3e-40	130.2	71
2930959758	365	SM00248	SMART	86.67	8	38	4.2e-04	14.2	31
2930959758	365	SM00248	SMART	56.67	94	112	4.2e-04	14.2	19
2930959760	134	SM01088	SMART	66.04	5	43	1.8e-03	11.6	39
2930959763	98	SM00418	SMART	91.14	14	90	9.4e-23	73.7	77
2930959765	162	SM00116	SMART	76.6	24	71	1.5e-08	27.9	48
2930959765	162	SM00116	SMART	42.55	116	138	1.5e-08	27.9	23
2930959771	787	SM00534	SMART	96.98	328	510	3.0e-77	253.3	183
2930959771	787	SM00463	SMART	98.94	709	787	3.6e-20	65.8	79
2930959775	145	SM00732	SMART	99.15	1	103	8.4e-37	120	103
2930959778	452	SM00487	SMART	93.15	22	218	2.9e-55	180.7	197
2930959778	452	SM00487	SMART	47.95	232	320	2.9e-55	180.7	89
2930959781	141	SM01323	SMART	98.85	13	96	2.9e-40	131.3	84
2930959784	338	SM00382	SMART	90.22	55	185	4.6e-19	62.3	131
2930959785	202	SM00278	SMART	90	71	90	4.9e-11	35.5	20
2930959785	202	SM00278	SMART	85	106	125	4.9e-11	35.5	20
2930959786	672	SM01340	SMART	99.38	207	325	3.0e-52	170.9	119
2930959786	672	SM00853	SMART	100	474	616	3.0e-55	181.2	143
2930959787	892	SM00533	SMART	99.7	274	583	4.5e-110	362.3	310
2930959787	892	SM00534	SMART	98.99	600	787	1.9e-118	389.4	188
2930959789	519	SM00322	SMART	95.24	207	274	2.6e-11	36.9	68
2930959789	519	SM00471	SMART	94.92	331	437	5.2e-14	45.2	107
2930959791	377	SM00382	SMART	98.91	57	228	2.4e-12	40.5	172
2930959792	416	SM00852	SMART	98.51	4	171	2.4e-47	155.3	168
2930959792	416	SM00091	SMART	42.65	177	210	2.0e-03	11.5	34
2930959792	416	SM00091	SMART	33.82	214	245	2.0e-03	11.5	32
2930959797	280	SM00062	SMART	99.59	45	273	2.3e-69	227.3	229
2930959798	211	SM00382	SMART	84.78	26	209	6.7e-20	65	184
2930959801	268	SM00382	SMART	68.48	9	243	9.8e-07	22.4	235
2930959804	283	SM00340	SMART	50	74	101	2.8e-04	14.2	28
2930959804	283	SM00340	SMART	31.82	92	113	2.8e-04	14.2	22
2930959811	405	SM00981	SMART	98.29	74	165	6.6e-25	81.3	92
2930959813	576	SM01408	SMART	42.53	116	189	7.2e-02	6.3	74
2930959813	576	SM01408	SMART	13.79	194	331	7.2e-02	6.3	138
2930959814	155	SM00065	SMART	72.54	23	148	6.1e-13	42.3	126
2930959815	201	SM00363	SMART	85.71	93	154	2.8e-24	78.6	62
2930959819	425	SM00382	SMART	91.3	40	151	5.6e-15	49.1	112
2930959822	294	SM00530	SMART	96.43	7	61	7.0e-14	45.2	55
2930959822	294	SM00028	SMART	85.29	194	226	3.0e-07	23.9	33
2930959826	281	SM00244	SMART	97.21	49	214	1.2e-12	41	166
2930959830	99	SM01234	SMART	98.67	1	68	2.8e-47	153.9	68
2930959835	471	SM00382	SMART	69.57	145	386	9.2e-11	35.4	242
2930959839	171	SM00150	SMART	34.62	32	80	1.1e-01	6	49
2930959839	171	SM00150	SMART	47.12	90	144	1.1e-01	6	55
2930959846	361	SM00937	SMART	100	66	180	1.3e-63	208.3	115
2930959847	194	SM00382	SMART	60.87	8	158	4.0e-03	10.7	151
2930959851	613	SM00382	SMART	95.65	396	600	1.9e-17	57.1	205
2930959852	577	SM00382	SMART	83.7	357	549	1.8e-16	53.9	193
2930959855	264	SM00267	SMART	96.59	90	263	1.7e-36	118.8	174
2930959858	220	SM00052	SMART	13.33	3	41	1.0e-19	63.1	39
2930959858	220	SM00052	SMART	29.41	59	142	1.0e-19	63.1	84
2930959858	220	SM00052	SMART	13.73	176	216	1.0e-19	63.1	41
2930959869	489	SM00304	SMART	92.45	195	247	2.0e-13	44	53
2930959869	489	SM00388	SMART	97.75	255	321	1.5e-20	67.5	67
2930959869	489	SM00387	SMART	99.23	366	478	2.3e-36	118.8	113
2930959870	244	SM00448	SMART	100	1	114	5.2e-40	131	114
2930959883	147	SM00347	SMART	86.14	31	127	3.3e-20	65.5	97
2930959886	512	SM00471	SMART	71.19	336	452	4.0e-04	13.5	117
2930959889	252	SM00382	SMART	68.48	26	232	2.3e-18	60.1	207
2930959892	256	SM00725	SMART	45.86	24	145	7.4e-13	42	122
2930959896	361	SM00382	SMART	77.17	52	227	1.1e-14	48.1	176
2930959900	477	SM00047	SMART	91.3	30	186	6.1e-44	143.9	157
2930959900	477	SM00287	SMART	40.58	362	388	9.3e-01	2.8	27
2930959900	477	SM00287	SMART	36.23	437	474	9.3e-01	2.8	38
2930959902	40	SM00490	SMART	19.77	5	33	1.7e-03	11.3	29
2930959911	178	SM00479	SMART	97.96	2	166	2.9e-31	102.2	165
2930959916	239	SM00986	SMART	97.6	50	212	1.5e-38	125.8	163
2930959918	245	SM00382	SMART	75	29	219	1.2e-19	64.2	191
2930959920	797	SM00357	SMART	80	77	137	2.7e-04	14.2	61
2930959920	797	SM00316	SMART	94.44	635	716	1.8e-21	69.7	82
2930959925	439	SM01193	SMART	100	4	134	9.0e-102	333.8	131
2930959925	439	SM01192	SMART	99.69	139	427	0.0e+00	722.9	289
2930959928	336	SM00846	SMART	100	3	153	6.4e-82	268.3	151
2930959934	148	SM00850	SMART	97.39	49	145	1.7e-30	99.6	97
2930959939	181	SM00906	SMART	44.07	70	162	2.3e-03	11.3	93
2930959940	951	SM00382	SMART	19.57	25	43	2.0e-13	44.1	19
2930959940	951	SM00382	SMART	70.65	631	906	2.0e-13	44.1	276
2930959941	668	SM00487	SMART	84.93	14	423	4.8e-38	124.1	410
2930959941	668	SM00487	SMART	34.7	456	524	4.8e-38	124.1	69
2930959943	213	SM00471	SMART	81.36	26	142	4.2e-08	26.2	117
2930959953	252	SM00382	SMART	76.09	30	224	3.2e-15	49.8	195
2930959954	274	SM00382	SMART	77.17	54	259	1.4e-17	57.5	206
2930959958	447	SM00388	SMART	96.63	224	291	4.0e-23	75.9	68
2930959958	447	SM00387	SMART	97.69	335	447	5.0e-39	127.5	113
2930959959	235	SM00448	SMART	98.67	2	113	4.1e-51	167.4	112
2930959960	384	SM00228	SMART	60	268	351	1.2e-06	22.2	84
2930959961	332	SM00937	SMART	100	45	155	5.3e-55	179.9	111
2930959962	787	SM00957	SMART	100	5	382	0.0e+00	922.6	378
2930959962	787	SM00490	SMART	90.7	443	530	6.8e-03	9.3	88
2930959965	439	SM00487	SMART	92.69	93	274	4.6e-17	55.2	182
2930959965	439	SM00490	SMART	73.26	333	400	1.1e-11	37.9	68
2930959972	94	SM00883	SMART	99.03	1	93	1.7e-52	171.2	93
2930959973	212	SM00420	SMART	64.15	27	64	1.3e-04	14.8	38
2930959973	212	SM00881	SMART	96.8	79	179	2.1e-24	79.7	101
2930959974	650	SM00382	SMART	76.09	28	233	9.1e-34	109.9	206
2930959974	650	SM00382	SMART	77.17	355	526	9.1e-34	109.9	172
2930959975	98	SM00418	SMART	93.67	16	96	7.2e-23	74.1	81
2930959985	214	SM00382	SMART	59.78	2	210	7.7e-05	16.2	209
2930959987	199	SM00278	SMART	75	15	31	1.3e-04	15.8	17
2930959989	576	SM00382	SMART	85.87	38	179	1.9e-15	50.5	142
2930960003	141	SM00649	SMART	100	9	140	4.0e-89	291.9	132
2930960004	182	SM00738	SMART	99.16	6	117	2.7e-52	170.7	112
2930960004	182	SM00739	SMART	92.86	127	154	2.1e-09	30.4	28
2930960008	255	SM00967	SMART	100	13	88	2.0e-21	70.5	76
2930960009	135	SM00535	SMART	72.86	3	126	3.0e-10	32.9	124
2930960010	470	SM00840	SMART	78.69	356	419	1.6e-12	41.2	64
2930960012	394	SM00670	SMART	100	171	278	3.4e-18	60.1	108
2930960013	426	SM00382	SMART	96.74	58	212	7.6e-15	48.6	155
2930960020	223	SM00855	SMART	100	3	184	1.7e-30	99.5	182
2930960027	215	SM00052	SMART	7.45	5	28	5.2e-16	50.8	24
2930960027	215	SM00052	SMART	33.33	58	143	5.2e-16	50.8	86
2930960027	215	SM00052	SMART	14.9	172	215	5.2e-16	50.8	44
2930960030	326	SM00267	SMART	96.02	155	326	2.4e-44	144.6	172
2930960038	145	SM00347	SMART	87.13	24	118	8.0e-17	54.5	95
2930960044	159	SM00731	SMART	98.35	4	147	1.7e-49	161.7	144
2930960045	731	SM00732	SMART	100	327	427	1.1e-37	122.9	101
2930960045	731	SM00316	SMART	100	655	726	1.0e-27	89.8	72
2930960051	233	SM00345	SMART	96.67	9	68	2.3e-26	85.4	60
2930960051	233	SM00866	SMART	99.44	89	228	3.9e-47	154.6	140
2930960068	699	SM00382	SMART	97.83	221	359	8.4e-26	84.1	139
2930960070	450	SM00977	SMART	89.53	375	446	7.1e-19	61	72
2930960071	181	SM00316	SMART	100	4	74	1.8e-28	92.3	71
2930960073	90	SM00363	SMART	84.13	1	64	2.7e-14	46.4	64
2930960075	1180	SM01058	SMART	100	495	592	1.3e-53	175.3	98
2930960075	1180	SM00487	SMART	95.89	616	806	1.4e-38	125.8	191
2930960075	1180	SM00487	SMART	13.7	844	895	1.4e-38	125.8	52
2930960075	1180	SM00982	SMART	85.58	1019	1117	3.1e-39	127.9	99
2930960080	213	SM00116	SMART	65.96	12	54	8.6e-09	28.6	43
2930960083	373	SM01005	SMART	100	247	372	1.5e-71	233.9	126
2930960086	523	SM00487	SMART	100	20	217	5.4e-71	232.3	198
2930960086	523	SM00487	SMART	19.18	251	315	5.4e-71	232.3	65
2930960091	156	SM00226	SMART	99.35	3	150	3.4e-47	154.3	148
2930960100	140	SM00347	SMART	93.07	24	120	5.9e-11	35.4	97
2930960107	452	SM00471	SMART	93.22	57	194	6.9e-16	51.2	138
2930960110	242	SM00345	SMART	100	9	67	7.8e-15	48	59
2930960110	242	SM00866	SMART	96.09	94	232	3.1e-35	115.6	139
2930960111	138	SM00422	SMART	91.67	1	69	9.1e-18	57.3	69
2930960113	326	SM01400	SMART	100	10	126	1.8e-86	283	117
2930960118	232	SM00382	SMART	85.87	31	213	1.3e-16	54.3	183
2930960125	386	SM00419	SMART	70	24	62	2.0e-05	17.6	39
2930960128	192	SM00986	SMART	95.2	28	184	1.1e-20	67.3	157
2930960131	296	SM00650	SMART	100	39	215	1.1e-83	274.1	177
2930960145	328	SM00354	SMART	98.61	8	79	5.0e-32	103.8	72
2930960146	180	SM00382	SMART	32.61	78	159	1.6e-03	12	82
2930960147	207	SM00934	SMART	99.63	2	201	2.2e-21	69.2	200
2930960157	294	SM00530	SMART	98.21	7	61	9.0e-10	32	55
2930960165	419	SM00363	SMART	46.03	361	416	1.1e-07	25.1	56
2930960169	122	SM00347	SMART	60.4	43	119	2.5e-07	23.5	77
2930960182	297	SM00382	SMART	77.17	27	289	2.2e-15	50.4	263
2930960183	124	SM00345	SMART	93.33	16	74	3.6e-22	71.8	59
2930960190	543	SM00382	SMART	82.61	26	230	1.8e-21	70.1	205
2930960190	543	SM00382	SMART	77.17	359	518	1.8e-21	70.1	160
2930960191	286	SM00342	SMART	100	193	276	8.4e-29	93.6	84
2930960196	112	SM00418	SMART	97.47	21	99	1.7e-29	95.6	79
2930960202	123	SM00345	SMART	100	15	74	2.3e-13	43.2	60
2930960204	252	SM00382	SMART	77.17	36	245	2.9e-14	46.7	210
2930960207	120	SM00418	SMART	51.9	15	71	5.5e-07	22.3	57
2930960211	146	SM00419	SMART	70	19	61	3.0e-03	10.6	43
2930960214	271	SM00530	SMART	51.79	180	225	1.5e-03	12	46
2930960224	604	SM00710	SMART	68.18	183	210	2.8e+00	2.6	28
2930960225	127	SM00347	SMART	72.28	29	112	7.6e-14	44.8	84
2930960233	321	SM00354	SMART	94.44	1	70	1.3e-28	92.6	70
2930960234	446	SM00388	SMART	97.75	210	277	7.0e-18	58.8	68
2930960234	446	SM00387	SMART	98.46	322	434	1.9e-36	119	113
2930960235	230	SM00448	SMART	98.67	5	115	1.0e-34	113.6	111
2930960240	145	SM00954	SMART	74.24	2	107	5.4e-35	114.6	106
2930960241	59	SM01358	SMART	14.44	2	51	7.9e-04	12.3	50
2930960255	87	SM01049	SMART	25.96	1	46	7.6e-03	9.2	46
2930960255	87	SM01049	SMART	19.23	65	86	7.6e-03	9.2	22
2930960263	252	SM00346	SMART	96.7	9	98	1.2e-18	60.2	90
2930960273	233	SM00448	SMART	99.33	3	115	2.2e-43	142	113
2930960274	454	SM00304	SMART	81.13	176	225	1.6e-03	12.3	50
2930960274	454	SM00388	SMART	95.51	232	298	1.1e-19	64.8	67
2930960274	454	SM00387	SMART	98.46	340	452	5.4e-36	117.5	113
2930960280	138	SM00347	SMART	82.18	13	108	2.7e-13	43	96
2930960281	545	SM00642	SMART	100	14	407	6.6e-126	415.3	394
2930960282	219	SM00382	SMART	77.17	28	211	8.2e-15	48.5	184
2930960294	401	SM00382	SMART	86.96	28	214	1.3e-18	60.8	187
2930960294	401	SM00116	SMART	93.62	259	307	4.8e-18	58.2	49
2930960294	401	SM00116	SMART	93.62	319	367	4.8e-18	58.2	49
2930960301	758	SM00382	SMART	18.48	29	48	3.3e-12	40	20
2930960301	758	SM00382	SMART	31.52	262	414	3.3e-12	40	153
2930960301	758	SM00382	SMART	66.3	477	719	3.3e-12	40	243
2930960304	181	SM00347	SMART	72.28	37	132	3.3e-19	62.3	96
2930960323	191	SM01266	SMART	100	5	59	3.5e-19	62.5	55
2930960327	915	SM00831	SMART	98.67	26	99	2.0e-30	98.7	74
2930960328	164	SM00347	SMART	85.15	48	140	6.2e-16	51.6	93
2930960332	309	SM00382	SMART	96.74	26	221	1.4e-20	67.2	196
2930960333	138	SM00344	SMART	75.89	3	89	1.7e-22	72.9	87
2930960351	215	SM00478	SMART	98.32	39	196	5.1e-23	75	158
2930960355	613	SM00944	SMART	97.96	40	180	7.3e-37	120.5	141
2930960357	264	SM00404	SMART	23.91	114	186	3.5e-04	13.7	73
2930960360	432	SM00998	SMART	100	349	429	5.9e-41	133.4	81
2930960361	428	SM00788	SMART	99.76	3	421	0.0e+00	964.7	419
2930960362	328	SM01240	SMART	14.14	5	76	8.9e-124	407.2	72
2930960362	328	SM01240	SMART	53.54	84	325	8.9e-124	407.2	242
2930960365	216	SM00529	SMART	98.02	22	121	8.1e-30	96.8	100
2930960369	150	SM00347	SMART	97.03	22	121	1.4e-24	79.7	100
2930960379	287	SM00834	SMART	26.67	1	17	2.6e-02	7.6	17
2930960379	287	SM00834	SMART	17.78	17	31	2.6e-02	7.6	15
2930960384	238	SM00448	SMART	99.33	1	116	2.2e-25	83	116
2930960385	530	SM00091	SMART	52.94	217	266	4.0e-07	23.2	50
2930960385	530	SM00387	SMART	90.77	420	526	4.4e-18	58.9	107
2930960409	337	SM00382	SMART	92.39	36	242	1.7e-18	60.4	207
2930960410	324	SM00382	SMART	76.09	39	247	2.6e-14	46.9	209
2930960424	251	SM00448	SMART	96	3	124	6.8e-13	42	122
2930960424	251	SM00850	SMART	97.39	152	246	2.8e-17	56.4	95
2930960428	241	SM00345	SMART	96.67	9	67	3.8e-16	52.2	59
2930960428	241	SM00866	SMART	97.21	93	230	4.7e-36	118.3	138
2930960439	335	SM00354	SMART	88.89	3	73	1.7e-24	79.2	71
2930960441	233	SM00345	SMART	98.33	11	69	5.3e-20	64.7	59
2930960441	233	SM00895	SMART	96.26	80	204	1.4e-14	48.6	125
2930960445	220	SM00855	SMART	95.89	5	177	1.8e-23	76.6	173
2930960453	218	SM00471	SMART	93.22	21	138	3.4e-11	36.2	118
2930960454	297	SM00382	SMART	83.7	31	229	3.5e-13	43.2	199
2930960456	165	SM00722	SMART	83.49	4	127	1.8e+00	2.4	124
2930960464	216	SM00257	SMART	97.78	33	77	5.5e-15	48.7	45
2930960465	920	SM00369	SMART	75	284	302	5.8e-06	19.6	19
2930960465	920	SM00369	SMART	66.67	307	324	5.8e-06	19.6	18
2930960467	191	SM00257	SMART	97.78	33	76	3.1e-18	59.2	44
2930960477	451	SM00116	SMART	91.49	232	281	4.4e-13	42.3	50
2930960477	451	SM00116	SMART	82.98	295	338	4.4e-13	42.3	44
2930960477	451	SM01091	SMART	98.18	359	439	2.8e-15	49.7	81
2930960478	322	SM00354	SMART	98.61	3	74	4.8e-28	90.8	72
2930960482	506	SM00382	SMART	84.78	28	154	2.4e-29	95.6	127
2930960482	506	SM00382	SMART	86.96	293	459	2.4e-29	95.6	167
2930960487	271	SM00287	SMART	56.52	32	80	1.2e-01	5.7	49
2930960492	142	SM00347	SMART	85.15	21	118	2.0e-15	49.9	98
2930960493	480	SM01350	SMART	100	182	477	0.0e+00	667.7	296
2930960497	104	SM00530	SMART	100	6	61	2.3e-16	53.1	56
2930960504	56	SM01104	SMART	20.47	10	54	3.3e-02	7	45
2930960530	282	SM00244	SMART	98.88	2	159	4.8e-29	94.8	158
2930960538	199	SM01266	SMART	98.46	7	59	3.5e-15	49.5	53
2930960544	447	SM00228	SMART	96.25	332	420	6.0e-10	32.8	89
2930960545	275	SM00849	SMART	85.77	23	197	9.8e-16	51.7	175
2930960546	284	SM00722	SMART	66.97	37	189	7.3e+00	.4	153
2930960548	618	SM00304	SMART	98.11	205	257	4.2e-16	52.6	53
2930960548	618	SM00091	SMART	92.65	264	328	2.4e-13	43.1	65
2930960548	618	SM00388	SMART	98.88	377	444	8.1e-25	81.3	68
2930960548	618	SM00387	SMART	98.46	495	607	3.8e-43	141	113
2930960549	238	SM00448	SMART	100	3	113	3.1e-49	161.2	111
2930960558	462	SM00382	SMART	65.22	205	389	6.1e-05	16.5	185
2930960572	844	SM00434	SMART	99.81	13	466	0.0e+00	937.7	454
2930960573	647	SM00433	SMART	99.84	44	641	0.0e+00	1180.4	598
2930960574	384	SM00382	SMART	25	35	370	1.6e-03	11.9	336
2930960576	379	SM00480	SMART	99.73	17	374	0.0e+00	473.2	358
2930960577	452	SM00382	SMART	82.61	149	277	9.4e-13	41.8	129
2930960577	452	SM00760	SMART	100	360	429	9.9e-43	138.9	70
2930960579	194	SM00857	SMART	99.46	3	142	2.6e-47	155	140
2930960584	66	SM00503	SMART	27.56	13	66	4.0e-03	9.8	54
2930960591	231	SM00448	SMART	99.33	3	115	4.5e-45	147.6	113
2930960592	452	SM00304	SMART	98.11	178	233	3.0e-06	20.8	56
2930960592	452	SM00388	SMART	96.63	234	301	1.2e-18	61	68
2930960592	452	SM00387	SMART	96.92	341	451	8.9e-32	103.5	111
2930960604	74	SM00530	SMART	85.71	17	70	4.2e-17	55.3	54
2930960620	59	SM00503	SMART	38.58	1	58	2.7e-02	6.9	58
2930960628	270	SM00382	SMART	65.22	12	187	1.5e-03	11.8	176
2930960634	185	SM00739	SMART	92.86	125	155	5.1e-03	10.1	31
2930960639	193	SM00857	SMART	99.46	3	142	1.0e-47	156.1	140
2930960644	49	SM00793	SMART	22.16	5	42	1.0e-01	4.1	38
2930960652	83	SM00530	SMART	46.43	18	69	1.1e-04	15.3	52
2930960663	394	SM00257	SMART	86.67	351	391	4.6e-11	35.9	41
2930960674	272	SM00641	SMART	63.41	30	100	1.4e-09	30.8	71
2930960674	272	SM00641	SMART	62.6	102	177	1.4e-09	30.8	76
2930960675	90	SM00150	SMART	51.92	22	90	1.7e-03	11.6	69
2930960676	119	SM00384	SMART	69.23	44	55	3.6e-03	10.8	12
2930960682	240	SM00530	SMART	100	5	61	5.7e-16	51.7	57
2930960683	83	SM00530	SMART	96.43	8	66	6.3e-13	41.9	59
2930960695	256	SM00382	SMART	75	98	241	1.7e-08	27.8	144
2930960716	212	SM01188	SMART	81.82	51	70	2.3e-03	12	20
