gene_oid	gene_length	feature_type	start_coord	end_coord
2930960741	535	cleavage	24	25
2930960742	258	cleavage	29	30
2930960744	533	cleavage	27	28
2930960755	536	cleavage	24	25
2930960789	170	cleavage	29	30
2930960790	189	cleavage	28	29
2930960791	150	cleavage	27	28
2930960792	627	cleavage	30	31
2930960794	674	cleavage	30	31
2930960795	375	cleavage	26	27
2930960796	113	cleavage	27	28
2930960799	690	cleavage	35	36
2930960802	330	cleavage	26	27
2930960858	577	cleavage	32	33
2930960866	387	cleavage	27	28
2930960867	375	cleavage	28	29
2930960938	162	cleavage	28	29
2930960939	166	cleavage	28	29
2930960940	547	cleavage	19	20
2930960951	277	cleavage	28	29
2930960979	426	cleavage	32	33
2930961029	130	cleavage	24	25
2930961048	332	cleavage	27	28
2930961054	453	cleavage	30	31
2930961055	593	cleavage	17	18
2930961084	439	cleavage	33	34
2930961086	419	cleavage	30	31
2930961123	317	cleavage	33	34
2930961140	130	cleavage	36	37
2930961154	231	cleavage	20	21
2930961161	303	cleavage	18	19
2930961165	260	cleavage	25	26
2930961172	172	cleavage	32	33
2930961178	349	cleavage	28	29
2930961179	235	cleavage	29	30
2930961186	413	cleavage	27	28
2930961194	317	cleavage	32	33
2930961195	308	cleavage	34	35
2930961203	546	cleavage	21	22
2930961218	551	cleavage	23	24
2930961253	407	cleavage	37	38
2930961274	294	cleavage	25	26
2930961280	351	cleavage	29	30
2930961293	296	cleavage	56	57
2930961333	307	cleavage	34	35
2930961334	392	cleavage	33	34
2930961343	220	cleavage	29	30
2930961352	156	cleavage	31	32
2930961366	437	cleavage	25	26
2930961375	321	cleavage	28	29
2930961390	181	cleavage	22	23
2930961393	278	cleavage	18	19
2930961397	79	cleavage	21	22
2930961399	541	cleavage	32	33
2930961556	381	cleavage	18	19
2930961627	705	cleavage	25	26
2930961663	127	cleavage	24	25
2930961664	107	cleavage	23	24
2930961743	127	cleavage	24	25
2930961744	107	cleavage	23	24
2930961830	189	cleavage	29	30
2930961863	419	cleavage	30	31
2930961873	305	cleavage	18	19
2930961887	488	cleavage	44	45
2930961943	292	cleavage	21	22
2930961945	549	cleavage	21	22
2930961953	340	cleavage	27	28
2930961954	532	cleavage	33	34
2930961991	251	cleavage	28	29
2930962004	145	cleavage	28	29
2930962247	226	cleavage	29	30
2930962255	267	cleavage	30	31
2930962352	155	cleavage	29	30
2930962399	300	cleavage	26	27
2930962500	220	cleavage	33	34
2930962501	741	cleavage	24	25
2930962503	137	cleavage	30	31
2930962525	492	cleavage	29	30
2930962570	280	cleavage	22	23
2930962687	256	cleavage	28	29
2930962688	396	cleavage	30	31
2930962689	215	cleavage	19	20
2930962696	475	cleavage	30	31
2930962724	366	cleavage	28	29
2930962830	105	cleavage	22	23
2930962901	174	cleavage	26	27
2930962902	711	cleavage	28	29
2930962903	347	cleavage	27	28
2930962904	224	cleavage	25	26
2930962905	228	cleavage	28	29
2930962906	139	cleavage	27	28
2930962907	804	cleavage	28	29
2930962909	199	cleavage	27	28
2930962910	207	cleavage	28	29
2930962911	191	cleavage	26	27
2930962974	153	cleavage	27	28
2930963042	401	cleavage	20	21
2930963053	684	cleavage	37	38
2930963055	64	cleavage	29	30
2930963059	604	cleavage	39	40
2930963083	361	cleavage	23	24
2930963112	98	cleavage	30	31
2930963125	213	cleavage	30	31
2930963136	310	cleavage	30	31
2930963151	250	cleavage	34	35
2930963162	423	cleavage	29	30
2930963168	331	cleavage	24	25
2930963188	715	cleavage	25	26
2930963201	290	cleavage	23	24
2930963202	309	cleavage	23	24
2930963215	310	cleavage	21	22
2930963231	224	cleavage	37	38
2930963236	409	cleavage	19	20
2930963272	112	cleavage	27	28
2930963283	602	cleavage	20	21
2930963301	673	cleavage	21	22
2930963305	60	cleavage	28	29
2930963328	165	cleavage	29	30
2930963338	116	cleavage	33	34
2930963340	215	cleavage	30	31
2930963341	188	cleavage	30	31
2930963364	272	cleavage	31	32
2930963374	877	cleavage	38	39
2930963433	179	cleavage	28	29
2930963448	206	cleavage	23	24
2930963491	205	cleavage	24	25
2930963498	112	cleavage	30	31
2930963505	307	cleavage	22	23
2930963506	283	cleavage	24	25
