gene_oid	gene_length	feature_type	start_coord	end_coord
2930939458	510	cleavage	24	25
2930939459	257	cleavage	29	30
2930939464	533	cleavage	27	28
2930939477	89	cleavage	28	29
2930939480	536	cleavage	24	25
2930939483	333	cleavage	22	23
2930939502	110	cleavage	26	27
2930939566	238	cleavage	32	33
2930939577	271	cleavage	31	32
2930939602	191	cleavage	30	31
2930939603	216	cleavage	30	31
2930939605	116	cleavage	33	34
2930939611	165	cleavage	29	30
2930939639	602	cleavage	20	21
2930939649	269	cleavage	27	28
2930939692	711	cleavage	23	24
2930939700	310	cleavage	21	22
2930939712	344	cleavage	23	24
2930939713	290	cleavage	25	26
2930939730	202	cleavage	23	24
2930939731	715	cleavage	25	26
2930939742	331	cleavage	24	25
2930939749	423	cleavage	29	30
2930939758	250	cleavage	34	35
2930939782	317	cleavage	33	34
2930939804	130	cleavage	36	37
2930939819	231	cleavage	20	21
2930939829	260	cleavage	25	26
2930939836	413	cleavage	27	28
2930939843	316	cleavage	32	33
2930939844	311	cleavage	34	35
2930939851	546	cleavage	24	25
2930939900	407	cleavage	37	38
2930939930	316	cleavage	25	26
2930939936	354	cleavage	29	30
2930939949	296	cleavage	56	57
2930939990	307	cleavage	34	35
2930939991	392	cleavage	33	34
2930939999	220	cleavage	29	30
2930940008	156	cleavage	31	32
2930940018	437	cleavage	25	26
2930940023	346	cleavage	25	26
2930940024	230	cleavage	28	29
2930940025	234	cleavage	24	25
2930940030	321	cleavage	28	29
2930940044	173	cleavage	22	23
2930940047	278	cleavage	18	19
2930940051	539	cleavage	21	22
2930940052	541	cleavage	32	33
2930940200	381	cleavage	18	19
2930940242	708	cleavage	27	28
2930940274	178	cleavage	18	19
2930940288	492	cleavage	29	30
2930940306	213	cleavage	30	31
2930940307	741	cleavage	24	25
2930940308	617	cleavage	33	34
2930940475	300	cleavage	26	27
2930940521	648	cleavage	26	27
2930940700	257	cleavage	14	15
2930940710	67	cleavage	25	26
2930940838	145	cleavage	28	29
2930940839	141	cleavage	32	33
2930940854	251	cleavage	28	29
2930940894	474	cleavage	31	32
2930940895	340	cleavage	27	28
2930940902	549	cleavage	21	22
2930940904	292	cleavage	21	22
2930940964	305	cleavage	18	19
2930940974	419	cleavage	30	31
2930941059	280	cleavage	22	23
2930941194	650	cleavage	30	31
2930941195	245	cleavage	19	20
2930941206	344	cleavage	30	31
2930941232	354	cleavage	28	29
2930941356	304	cleavage	22	23
2930941428	524	cleavage	26	27
2930941429	711	cleavage	28	29
2930941431	224	cleavage	25	26
2930941432	229	cleavage	28	29
2930941433	139	cleavage	27	28
2930941434	801	cleavage	28	29
2930941435	210	cleavage	27	28
2930941436	207	cleavage	28	29
2930941437	191	cleavage	26	27
2930941498	153	cleavage	27	28
2930941595	695	cleavage	37	38
2930941597	142	cleavage	29	30
2930941602	604	cleavage	39	40
2930941627	361	cleavage	26	27
2930941654	98	cleavage	30	31
2930941670	213	cleavage	30	31
2930941675	531	cleavage	36	37
2930941682	1716	cleavage	30	31
2930941685	418	cleavage	25	26
2930941706	55	cleavage	32	33
2930941711	439	cleavage	33	34
2930941740	168	cleavage	27	28
2930941741	459	cleavage	30	31
2930941742	476	cleavage	22	23
2930941748	368	cleavage	27	28
2930941782	280	cleavage	25	26
2930941806	564	cleavage	32	33
2930941824	83	cleavage	26	27
2930941837	277	cleavage	28	29
2930941845	547	cleavage	19	20
2930941846	166	cleavage	28	29
2930941847	162	cleavage	28	29
2930941968	375	cleavage	28	29
2930941969	387	cleavage	27	28
2930941977	865	cleavage	38	39
2930942026	274	cleavage	26	27
2930942035	144	cleavage	30	31
