gene_oid	gene_length	feature_type	start_coord	end_coord
2930950032	535	cleavage	24	25
2930950033	258	cleavage	29	30
2930950036	533	cleavage	27	28
2930950045	89	cleavage	28	29
2930950047	536	cleavage	24	25
2930950049	333	cleavage	22	23
2930950053	433	cleavage	33	34
2930950062	153	cleavage	30	31
2930950063	627	cleavage	27	28
2930950065	375	cleavage	26	27
2930950068	664	cleavage	35	36
2930950070	114	cleavage	26	27
2930950127	562	cleavage	32	33
2930950133	271	cleavage	31	32
2930950153	191	cleavage	30	31
2930950154	643	cleavage	42	43
2930950156	216	cleavage	30	31
2930950158	116	cleavage	33	34
2930950164	165	cleavage	29	30
2930950186	60	cleavage	28	29
2930950208	602	cleavage	20	21
2930950263	310	cleavage	21	22
2930950272	344	cleavage	23	24
2930950273	290	cleavage	25	26
2930950289	199	cleavage	31	32
2930950290	715	cleavage	25	26
2930950302	331	cleavage	24	25
2930950317	250	cleavage	34	35
2930950341	213	cleavage	30	31
2930950354	98	cleavage	30	31
2930950381	361	cleavage	26	27
2930950408	603	cleavage	39	40
2930950410	258	cleavage	29	30
2930950412	695	cleavage	37	38
2930950425	401	cleavage	20	21
2930950499	153	cleavage	27	28
2930950544	566	cleavage	31	32
2930950552	191	cleavage	26	27
2930950553	207	cleavage	28	29
2930950554	210	cleavage	27	28
2930950555	804	cleavage	28	29
2930950556	143	cleavage	27	28
2930950557	228	cleavage	28	29
2930950558	224	cleavage	25	26
2930950559	347	cleavage	27	28
2930950560	711	cleavage	28	29
2930950561	716	cleavage	26	27
2930950629	304	cleavage	22	23
2930950732	366	cleavage	28	29
2930950757	477	cleavage	30	31
2930950763	245	cleavage	19	20
2930950764	396	cleavage	30	31
2930950765	256	cleavage	28	29
2930950789	141	cleavage	24	25
2930950805	127	cleavage	24	25
2930950806	107	cleavage	23	24
2930950948	280	cleavage	22	23
2930950993	492	cleavage	29	30
2930951011	213	cleavage	30	31
2930951012	245	cleavage	24	25
2930951014	619	cleavage	33	34
2930951108	298	cleavage	26	27
2930951228	406	cleavage	28	29
2930951238	226	cleavage	29	30
2930951465	145	cleavage	25	26
2930951572	251	cleavage	28	29
2930951609	530	cleavage	31	32
2930951610	340	cleavage	27	28
2930951617	549	cleavage	21	22
2930951619	292	cleavage	21	22
2930951679	305	cleavage	18	19
2930951689	419	cleavage	30	31
2930951723	189	cleavage	29	30
2930951756	708	cleavage	27	28
2930951832	381	cleavage	18	19
2930951973	422	cleavage	24	25
2930951994	541	cleavage	34	35
2930951995	539	cleavage	21	22
2930951999	278	cleavage	18	19
2930952002	181	cleavage	22	23
2930952015	321	cleavage	28	29
2930952024	437	cleavage	25	26
2930952034	156	cleavage	31	32
2930952044	220	cleavage	29	30
2930952054	392	cleavage	33	34
2930952055	307	cleavage	34	35
2930952095	296	cleavage	56	57
2930952111	354	cleavage	29	30
2930952118	294	cleavage	25	26
2930952123	837	cleavage	33	34
2930952173	551	cleavage	23	24
2930952185	546	cleavage	21	22
2930952192	308	cleavage	34	35
2930952193	316	cleavage	32	33
2930952201	219	cleavage	27	28
2930952209	235	cleavage	23	24
2930952210	349	cleavage	28	29
2930952219	574	cleavage	32	33
2930952229	260	cleavage	25	26
2930952237	231	cleavage	25	26
2930952250	133	cleavage	20	21
2930952266	317	cleavage	33	34
2930952281	427	cleavage	30	31
2930952283	439	cleavage	33	34
2930952309	460	cleavage	30	31
2930952310	483	cleavage	22	23
2930952317	368	cleavage	27	28
2930952336	130	cleavage	24	25
2930952377	564	cleavage	32	33
2930952393	86	cleavage	26	27
2930952406	277	cleavage	28	29
2930952413	547	cleavage	19	20
2930952414	166	cleavage	28	29
2930952480	181	cleavage	34	35
2930952485	134	cleavage	28	29
2930952495	432	cleavage	30	31
2930952505	301	cleavage	29	30
2930952530	179	cleavage	28	29
2930952568	156	cleavage	29	30
2930952596	186	cleavage	26	27
