gene_oid	gene_length	feature_type	start_coord	end_coord
2930936648	535	cleavage	24	25
2930936649	258	cleavage	29	30
2930936651	533	cleavage	27	28
2930936661	89	cleavage	28	29
2930936663	536	cleavage	24	25
2930936665	333	cleavage	22	23
2930936679	134	cleavage	27	28
2930936713	606	cleavage	29	30
2930936722	170	cleavage	29	30
2930936723	189	cleavage	28	29
2930936724	150	cleavage	27	28
2930936725	627	cleavage	25	26
2930936727	375	cleavage	26	27
2930936728	303	cleavage	27	28
2930936730	690	cleavage	35	36
2930936732	330	cleavage	26	27
2930936790	494	cleavage	32	33
2930936797	271	cleavage	31	32
2930936824	191	cleavage	30	31
2930936825	993	cleavage	42	43
2930936826	216	cleavage	30	31
2930936828	116	cleavage	33	34
2930936834	165	cleavage	29	30
2930936856	60	cleavage	28	29
2930936860	673	cleavage	21	22
2930936877	607	cleavage	20	21
2930936886	269	cleavage	27	28
2930936927	711	cleavage	23	24
2930936935	310	cleavage	21	22
2930936944	344	cleavage	23	24
2930936945	290	cleavage	25	26
2930936961	87	cleavage	23	24
2930936963	673	cleavage	25	26
2930936974	331	cleavage	24	25
2930936980	423	cleavage	29	30
2930936989	250	cleavage	34	35
2930937013	213	cleavage	30	31
2930937026	98	cleavage	30	31
2930937053	361	cleavage	26	27
2930937077	604	cleavage	39	40
2930937079	258	cleavage	29	30
2930937081	695	cleavage	37	38
2930937093	401	cleavage	20	21
2930937167	153	cleavage	27	28
2930937222	191	cleavage	26	27
2930937223	207	cleavage	28	29
2930937225	210	cleavage	27	28
2930937226	809	cleavage	28	29
2930937227	139	cleavage	27	28
2930937228	227	cleavage	28	29
2930937229	224	cleavage	25	26
2930937230	347	cleavage	27	28
2930937231	711	cleavage	28	29
2930937234	716	cleavage	26	27
2930937305	304	cleavage	22	23
2930937406	369	cleavage	28	29
2930937431	477	cleavage	30	31
2930937438	245	cleavage	19	20
2930937439	399	cleavage	30	31
2930937440	256	cleavage	28	29
2930937466	328	cleavage	32	33
2930937542	280	cleavage	22	23
2930937586	492	cleavage	29	30
2930937603	213	cleavage	30	31
2930937604	741	cleavage	24	25
2930937605	615	cleavage	33	34
2930937697	300	cleavage	26	27
2930937741	648	cleavage	26	27
2930937820	406	cleavage	28	29
2930937830	226	cleavage	29	30
2930938092	145	cleavage	25	26
2930938167	182	cleavage	24	25
2930938168	83	cleavage	34	35
2930938205	182	cleavage	24	25
2930938206	83	cleavage	34	35
2930938220	251	cleavage	28	29
2930938258	530	cleavage	31	32
2930938259	340	cleavage	27	28
2930938266	549	cleavage	21	22
2930938268	292	cleavage	21	22
2930938327	305	cleavage	18	19
2930938337	419	cleavage	30	31
2930938354	118	cleavage	26	27
2930938376	189	cleavage	29	30
2930938407	708	cleavage	27	28
2930938473	381	cleavage	18	19
2930938619	152	cleavage	26	27
2930938621	311	cleavage	28	29
2930938635	541	cleavage	32	33
2930938636	539	cleavage	21	22
2930938640	278	cleavage	18	19
2930938643	181	cleavage	22	23
2930938656	321	cleavage	28	29
2930938662	234	cleavage	24	25
2930938663	230	cleavage	28	29
2930938664	346	cleavage	25	26
2930938670	437	cleavage	25	26
2930938680	156	cleavage	31	32
2930938689	217	cleavage	29	30
2930938697	392	cleavage	33	34
2930938698	307	cleavage	34	35
2930938729	275	cleavage	28	29
2930938732	73	cleavage	27	28
2930938740	296	cleavage	56	57
2930938753	354	cleavage	29	30
2930938762	294	cleavage	22	23
2930938836	546	cleavage	24	25
2930938843	308	cleavage	34	35
2930938844	316	cleavage	32	33
2930938851	413	cleavage	27	28
2930938858	235	cleavage	23	24
2930938859	349	cleavage	28	29
2930938869	574	cleavage	32	33
2930938876	260	cleavage	25	26
2930938886	231	cleavage	20	21
2930938898	133	cleavage	20	21
2930938917	317	cleavage	33	34
2930938918	848	cleavage	36	37
2930938929	297	cleavage	28	29
2930938967	416	cleavage	30	31
2930938969	439	cleavage	33	34
2930938994	457	cleavage	30	31
2930938997	472	cleavage	30	31
2930938998	457	cleavage	30	31
2930939004	52	cleavage	27	28
2930939041	280	cleavage	25	26
2930939067	564	cleavage	24	25
2930939092	117	cleavage	26	27
2930939104	277	cleavage	28	29
2930939110	547	cleavage	19	20
2930939111	166	cleavage	28	29
2930939112	162	cleavage	28	29
2930939166	886	cleavage	38	39
2930939173	375	cleavage	28	29
2930939251	301	cleavage	29	30
2930939276	120	cleavage	27	28
2930939287	179	cleavage	28	29
2930939345	309	cleavage	33	34
2930939346	793	cleavage	35	36
2930939348	371	cleavage	26	27
2930939364	194	cleavage	22	23
2930939426	205	cleavage	19	20
