gene_oid	gene_length	feature_type	start_coord	end_coord
2930942085	401	cleavage	20	21
2930942159	153	cleavage	27	28
2930942204	707	cleavage	25	26
2930942205	566	cleavage	31	32
2930942213	191	cleavage	26	27
2930942216	210	cleavage	27	28
2930942217	711	cleavage	28	29
2930942218	716	cleavage	26	27
2930942284	304	cleavage	22	23
2930942388	366	cleavage	28	29
2930942413	477	cleavage	30	31
2930942419	245	cleavage	19	20
2930942420	396	cleavage	30	31
2930942421	256	cleavage	28	29
2930942445	82	cleavage	24	25
2930942541	280	cleavage	22	23
2930942584	480	cleavage	29	30
2930942601	213	cleavage	30	31
2930942602	741	cleavage	24	25
2930942603	244	cleavage	33	34
2930942695	298	cleavage	26	27
2930942818	406	cleavage	28	29
2930942828	226	cleavage	29	30
2930943082	182	cleavage	24	25
2930943132	145	cleavage	25	26
2930943145	251	cleavage	28	29
2930943181	530	cleavage	31	32
2930943182	340	cleavage	27	28
2930943189	549	cleavage	21	22
2930943191	292	cleavage	21	22
2930943249	305	cleavage	18	19
2930943259	419	cleavage	30	31
2930943294	189	cleavage	29	30
2930943325	708	cleavage	27	28
2930943393	381	cleavage	18	19
2930943539	541	cleavage	32	33
2930943540	539	cleavage	21	22
2930943544	278	cleavage	18	19
2930943547	181	cleavage	22	23
2930943560	321	cleavage	28	29
2930943568	437	cleavage	25	26
2930943578	156	cleavage	31	32
2930943588	220	cleavage	29	30
2930943596	392	cleavage	33	34
2930943597	307	cleavage	34	35
2930943637	296	cleavage	56	57
2930943653	354	cleavage	29	30
2930943659	294	cleavage	25	26
2930943664	837	cleavage	33	34
2930943725	546	cleavage	21	22
2930943732	309	cleavage	34	35
2930943733	316	cleavage	32	33
2930943740	413	cleavage	27	28
2930943750	235	cleavage	23	24
2930943751	349	cleavage	28	29
2930943760	574	cleavage	32	33
2930943767	225	cleavage	25	26
2930943777	231	cleavage	25	26
2930943791	133	cleavage	20	21
2930943808	317	cleavage	21	22
2930943826	93	cleavage	30	31
2930943830	439	cleavage	33	34
2930943857	459	cleavage	30	31
2930943858	485	cleavage	30	31
2930943864	368	cleavage	27	28
2930943920	564	cleavage	32	33
2930943940	183	cleavage	26	27
2930943952	277	cleavage	28	29
2930943960	547	cleavage	19	20
2930943961	166	cleavage	28	29
2930943962	162	cleavage	28	29
2930944040	181	cleavage	34	35
2930944045	134	cleavage	28	29
2930944056	432	cleavage	30	31
2930944067	301	cleavage	29	30
2930944093	179	cleavage	28	29
2930944127	535	cleavage	24	25
2930944128	258	cleavage	29	30
2930944130	533	cleavage	27	28
2930944139	89	cleavage	28	29
2930944141	536	cleavage	24	25
2930944156	153	cleavage	30	31
2930944157	627	cleavage	27	28
2930944159	375	cleavage	26	27
2930944162	664	cleavage	35	36
2930944164	114	cleavage	26	27
2930944232	271	cleavage	31	32
2930944252	191	cleavage	30	31
2930944253	932	cleavage	42	43
2930944254	216	cleavage	30	31
2930944256	116	cleavage	33	34
2930944262	165	cleavage	29	30
2930944284	60	cleavage	28	29
2930944306	602	cleavage	20	21
2930944361	310	cleavage	21	22
2930944370	344	cleavage	23	24
2930944371	290	cleavage	25	26
2930944387	199	cleavage	31	32
2930944388	715	cleavage	25	26
2930944404	331	cleavage	24	25
2930944410	423	cleavage	29	30
2930944419	250	cleavage	22	23
2930944447	213	cleavage	30	31
2930944460	98	cleavage	30	31
2930944487	361	cleavage	26	27
2930944512	604	cleavage	39	40
2930944514	258	cleavage	29	30
2930944565	279	cleavage	24	25
2930944634	437	cleavage	31	32
2930944653	205	cleavage	24	25
2930944720	111	cleavage	29	30
2930944726	205	cleavage	24	25
2930944783	230	cleavage	29	30
2930944790	67	cleavage	29	30
