gene_oid	gene_length	feature_type	start_coord	end_coord
2931375663	443	cleavage	31	32
2931375735	297	cleavage	22	23
2931375837	185	cleavage	21	22
2931375861	317	cleavage	19	20
2931375864	48	cleavage	23	24
2931375865	642	cleavage	21	22
2931375866	441	cleavage	25	26
2931375897	285	cleavage	25	26
2931375902	267	cleavage	23	24
2931375906	293	cleavage	26	27
2931375920	262	cleavage	25	26
2931375922	313	cleavage	34	35
2931375929	446	cleavage	28	29
2931375969	375	cleavage	23	24
2931375970	212	cleavage	24	25
2931375988	319	cleavage	19	20
2931376008	293	cleavage	31	32
2931376014	321	cleavage	24	25
2931376050	287	cleavage	31	32
2931376054	110	cleavage	26	27
2931376079	268	cleavage	18	19
2931376098	40	cleavage	29	30
2931376105	317	cleavage	19	20
2931376117	204	cleavage	26	27
2931376118	542	cleavage	26	27
2931376140	668	cleavage	22	23
2931376156	121	cleavage	27	28
2931376169	350	cleavage	18	19
2931376234	813	cleavage	22	23
2931376238	129	cleavage	21	22
2931376240	41	cleavage	20	21
2931376253	228	cleavage	28	29
2931376267	124	cleavage	21	22
2931376269	219	cleavage	26	27
2931376326	236	cleavage	21	22
2931376327	462	cleavage	32	33
2931376332	189	cleavage	21	22
2931376343	362	cleavage	21	22
2931376382	123	cleavage	19	20
2931376383	348	cleavage	23	24
2931376421	331	cleavage	25	26
2931376428	396	cleavage	24	25
2931376445	65	cleavage	24	25
2931376451	57	cleavage	26	27
2931376463	427	cleavage	22	23
2931376479	502	cleavage	25	26
2931376517	420	cleavage	21	22
2931376559	263	cleavage	23	24
2931376600	210	cleavage	20	21
2931376609	325	cleavage	19	20
2931376623	172	cleavage	29	30
2931376627	861	cleavage	21	22
2931376670	329	cleavage	22	23
2931376699	276	cleavage	24	25
2931376722	812	cleavage	22	23
2931376730	191	cleavage	24	25
2931376750	107	cleavage	21	22
2931376751	488	cleavage	26	27
2931376755	458	cleavage	26	27
2931376756	334	cleavage	25	26
2931376810	294	cleavage	18	19
2931376844	381	cleavage	29	30
2931376847	323	cleavage	19	20
2931376860	89	cleavage	20	21
2931376898	894	cleavage	29	30
2931376927	476	cleavage	20	21
2931376952	543	cleavage	25	26
2931376958	545	cleavage	20	21
2931377016	173	cleavage	18	19
2931377046	171	cleavage	22	23
2931377065	157	cleavage	28	29
2931377070	191	cleavage	32	33
2931377073	214	cleavage	26	27
2931377105	44	cleavage	25	26
2931377165	543	cleavage	29	30
2931377202	170	cleavage	26	27
2931377259	208	cleavage	21	22
2931377261	165	cleavage	26	27
2931377276	240	cleavage	26	27
2931377356	521	cleavage	27	28
2931377361	203	cleavage	31	32
2931377366	209	cleavage	18	19
2931377418	1433	cleavage	30	31
2931377488	161	cleavage	27	28
2931377528	219	cleavage	26	27
2931377601	120	cleavage	26	27
2931377718	211	cleavage	25	26
2931377721	141	cleavage	25	26
2931377732	133	cleavage	26	27
2931377780	117	cleavage	27	28
2931377782	499	cleavage	29	30
2931377784	422	cleavage	23	24
2931377785	515	cleavage	26	27
2931377804	491	cleavage	29	30
2931377807	181	cleavage	23	24
2931377814	587	cleavage	26	27
2931377868	287	cleavage	23	24
2931377890	411	cleavage	26	27
2931377916	273	cleavage	22	23
2931377940	382	cleavage	26	27
2931377948	255	cleavage	25	26
2931377949	206	cleavage	18	19
2931377974	296	cleavage	23	24
2931378029	264	cleavage	22	23
2931378073	305	cleavage	20	21
2931378078	259	cleavage	26	27
2931378100	382	cleavage	27	28
2931378136	290	cleavage	26	27
2931378148	389	cleavage	23	24
2931378194	275	cleavage	26	27
2931378205	255	cleavage	21	22
2931378227	206	cleavage	23	24
2931378228	98	cleavage	22	23
2931378250	399	cleavage	24	25
2931378273	261	cleavage	27	28
2931378275	253	cleavage	31	32
2931378276	108	cleavage	22	23
2931378295	351	cleavage	24	25
2931378312	300	cleavage	25	26
2931378391	136	cleavage	26	27
2931378397	42	cleavage	24	25
2931378409	77	cleavage	26	27
2931378422	89	cleavage	26	27
2931378449	236	cleavage	36	37
2931378451	252	cleavage	30	31
2931378454	271	cleavage	29	30
2931378457	118	cleavage	26	27
2931378458	119	cleavage	26	27
2931378469	677	cleavage	24	25
2931378515	273	cleavage	19	20
2931378533	518	cleavage	27	28
2931378551	170	cleavage	30	31
2931378560	198	cleavage	21	22
2931378564	531	cleavage	44	45
2931378598	165	cleavage	19	20
2931378632	366	cleavage	31	32
2931378670	433	cleavage	24	25
2931378676	323	cleavage	32	33
2931378684	209	cleavage	21	22
2931378798	167	cleavage	25	26
2931378814	426	cleavage	21	22
2931378848	334	cleavage	22	23
2931378855	145	cleavage	25	26
2931378875	428	cleavage	20	21
2931378922	181	cleavage	28	29
2931378977	359	cleavage	21	22
2931378982	71	cleavage	19	20
2931379008	168	cleavage	31	32
2931379076	210	cleavage	21	22
2931379100	288	cleavage	28	29
2931379107	422	cleavage	28	29
2931379121	274	cleavage	18	19
2931379179	314	cleavage	25	26
2931379195	315	cleavage	22	23
2931379202	260	cleavage	18	19
2931379205	161	cleavage	26	27
2931379210	144	cleavage	20	21
2931379302	306	cleavage	31	32
2931379344	429	cleavage	24	25
2931379348	421	cleavage	21	22
2931379379	473	cleavage	29	30
2931379446	417	cleavage	32	33
2931379471	240	cleavage	21	22
2931379481	221	cleavage	27	28
2931379493	1289	cleavage	19	20
2931379513	112	cleavage	26	27
2931379540	151	cleavage	23	24
2931379541	151	cleavage	23	24
2931379542	150	cleavage	29	30
2931379560	714	cleavage	25	26
2931379561	106	cleavage	22	23
2931379578	880	cleavage	27	28
2931379597	305	cleavage	27	28
2931379598	178	cleavage	30	31
2931379686	224	cleavage	23	24
2931379687	227	cleavage	23	24
2931379763	39	cleavage	26	27
2931379779	156	cleavage	24	25
2931379801	154	cleavage	30	31
2931379848	385	cleavage	22	23
2931379849	481	cleavage	23	24
2931379861	645	cleavage	27	28
2931379869	456	cleavage	32	33
2931379906	279	cleavage	18	19
2931379928	169	cleavage	23	24
2931379932	242	cleavage	28	29
2931379934	226	cleavage	19	20
2931379937	382	cleavage	25	26
2931379958	2334	cleavage	32	33
2931379989	264	cleavage	22	23
2931379999	321	cleavage	20	21
2931380089	243	cleavage	25	26
2931380176	146	cleavage	31	32
