gene_oid	gene_length	superfam_id	db_name	percent_identity	query_start	query_end	evalue	bit_score	align_length
2931375649	446	SM00382	SMART	93.48	143	271	4.0e-13	43.7	129
2931375649	446	SM00760	SMART	100	355	424	2.2e-44	145.1	70
2931375650	378	SM00480	SMART	100	17	373	0.0e+00	623	357
2931375652	370	SM00382	SMART	55.43	139	367	2.3e-03	12.1	229
2931375654	640	SM00433	SMART	100	39	633	0.0e+00	1342.9	595
2931375655	821	SM00434	SMART	99.22	12	465	0.0e+00	982	454
2931375662	488	SM01240	SMART	100	9	474	0.0e+00	1102.4	466
2931375663	443	SM00936	SMART	100	310	413	9.7e-30	97.6	104
2931375669	217	SM00382	SMART	30.43	8	154	2.6e-05	18.4	147
2931375670	207	SM00382	SMART	27.17	3	184	1.5e-06	22.4	182
2931375671	427	SM00257	SMART	95.56	1	43	1.1e-35	116	43
2931375671	427	SM00257	SMART	100	48	92	1.1e-35	116	45
2931375675	563	SM00382	SMART	93.48	38	179	1.1e-13	45.6	142
2931375677	198	SM00278	SMART	80	12	31	8.6e-06	20.1	20
2931375677	198	SM00493	SMART	27.34	36	77	1.1e-24	81.8	42
2931375677	198	SM00493	SMART	99.28	80	165	1.1e-24	81.8	86
2931375689	212	SM00382	SMART	48.91	2	206	5.7e-05	17.3	205
2931375694	119	SM00338	SMART	53.85	3	40	5.3e-08	27.1	38
2931375694	119	SM00338	SMART	40	39	68	5.3e-08	27.1	30
2931375696	99	SM00465	SMART	94.12	5	83	1.5e-12	42.4	79
2931375698	94	SM00966	SMART	95.74	8	51	2.6e-14	47.3	44
2931375701	437	SM01208	SMART	100	238	316	7.1e-30	98.1	79
2931375703	292	SM00650	SMART	99.41	36	212	3.9e-93	306	177
2931375712	317	SM01400	SMART	100	10	126	1.1e-84	277.9	117
2931375715	76	SM00868	SMART	42.42	6	64	1.8e-04	16.3	59
2931375716	1177	SM01058	SMART	100	499	596	1.2e-53	176.1	98
2931375716	1177	SM00487	SMART	97.26	620	810	5.6e-40	131.2	191
2931375716	1177	SM00982	SMART	98.08	1024	1124	2.0e-40	132.5	101
2931375717	178	SM00966	SMART	93.62	8	53	7.9e-15	48.9	46
2931375720	86	SM00363	SMART	88.89	1	63	1.2e-13	45	63
2931375723	125	SM00435	SMART	7.92	11	102	4.1e-02	4.8	92
2931375724	128	SM00316	SMART	100	4	74	7.2e-30	97.5	71
2931375727	827	SM01378	SMART	26.87	231	255	4.6e-02	7.2	25
2931375727	827	SM01378	SMART	40.3	279	318	4.6e-02	7.2	40
2931375727	827	SM00331	SMART	97.2	593	804	3.9e-44	145.2	212
2931375728	245	SM00327	SMART	30.57	2	84	1.2e-18	61.7	83
2931375728	245	SM00327	SMART	51.3	132	233	1.2e-18	61.7	102
2931375730	472	SM00977	SMART	74.42	385	459	8.9e-30	97.3	75
2931375732	637	SM00382	SMART	97.83	194	332	2.3e-27	89.8	139
2931375735	297	SM01084	SMART	27.85	149	240	1.2e-02	8.9	92
2931375741	120	SM00905	SMART	100	4	117	4.8e-56	184	114
2931375743	69	SM00530	SMART	100	9	64	2.0e-19	63.7	56
2931375765	810	SM00382	SMART	90.22	200	343	7.2e-31	101.2	144
2931375765	810	SM00382	SMART	81.52	537	681	7.2e-31	101.2	145
2931375765	810	SM01086	SMART	100	714	803	5.8e-38	124.5	90
2931375766	458	SM00382	SMART	96.74	90	244	7.9e-11	36.3	155
2931375767	360	SM00278	SMART	90	327	346	8.1e-06	20.2	20
2931375768	366	SM00670	SMART	97.95	166	273	1.1e-17	59.2	108
2931375774	466	SM00840	SMART	86.89	353	418	1.6e-21	71.2	66
2931375775	143	SM00535	SMART	83.57	4	134	2.2e-25	83.3	131
2931375776	249	SM00967	SMART	100	7	81	9.9e-24	78.7	75
2931375778	218	SM00421	SMART	75.44	162	208	3.6e-08	26.8	47
2931375780	177	SM00738	SMART	99.16	2	113	2.3e-57	188.1	112
2931375780	177	SM00739	SMART	100	123	150	1.2e-09	31.8	28
2931375781	141	SM00649	SMART	100	9	140	8.6e-93	304.7	132
2931375788	1199	SM00663	SMART	100	224	503	0.0e+00	614.9	280
2931375789	82	SM00967	SMART	58.33	12	70	5.7e-03	11.2	59
2931375792	692	SM00889	SMART	100	478	596	3.1e-76	250.5	119
2931375792	692	SM00838	SMART	100	598	685	5.1e-62	203	88
2931375795	102	SM01403	SMART	100	7	101	1.2e-64	212	95
2931375799	277	SM01383	SMART	100	42	118	5.4e-48	157.5	77
2931375799	277	SM01382	SMART	100	124	253	8.2e-94	308.2	130
2931375802	218	SM00322	SMART	96.83	59	124	1.2e-11	38.8	66
2931375804	66	SM00188	SMART	15.33	7	35	2.9e-03	10.7	29
2931375804	66	SM00188	SMART	10.95	40	62	2.9e-03	10.7	23
2931375806	122	SM01374	SMART	100	1	122	2.3e-88	290.2	122
2931375807	103	SM00739	SMART	92.86	2	29	1.0e-10	35.2	28
2931375820	72	SM00316	SMART	91.67	7	72	3.2e-12	40.5	66
2931375826	281	SM00382	SMART	91.3	35	218	1.1e-20	68.3	184
2931375827	289	SM00382	SMART	91.3	36	223	7.0e-16	52.7	188
2931375837	185	SM00727	SMART	67.39	109	146	1.5e-05	19.2	38
2931375838	198	SM01251	SMART	99.46	17	196	1.4e-119	393.6	180
2931375862	529	SM00342	SMART	100	179	262	8.8e-31	100.8	84
2931375883	112	SM00478	SMART	60.89	1	112	4.1e-28	92.5	112
2931375885	211	SM00342	SMART	100	115	198	2.2e-34	112.6	84
2931375893	132	SM00304	SMART	86.79	75	126	2.8e-07	25	52
2931375896	256	SM00220	SMART	61.47	25	196	8.1e-37	120.5	172
2931375909	305	SM00347	SMART	92.08	32	128	3.3e-13	43.4	97
2931375916	275	SM00342	SMART	98.81	184	266	1.9e-30	99.7	83
2931375919	556	SM00257	SMART	97.78	9	52	1.2e-129	418.6	44
2931375919	556	SM00257	SMART	97.78	70	113	1.2e-129	418.6	44
2931375919	556	SM00257	SMART	97.78	131	174	1.2e-129	418.6	44
2931375919	556	SM00257	SMART	97.78	192	235	1.2e-129	418.6	44
2931375919	556	SM00257	SMART	97.78	253	296	1.2e-129	418.6	44
2931375919	556	SM00257	SMART	97.78	314	357	1.2e-129	418.6	44
2931375930	295	SM00342	SMART	98.81	21	104	2.0e-29	96.4	84
2931375931	322	SM00450	SMART	95.74	115	215	8.6e-24	77.9	101
2931375935	235	SM00345	SMART	95	8	67	1.3e-23	77.1	60
2931375935	235	SM00866	SMART	98.88	87	226	9.3e-39	127.9	140
2931375936	91	SM01207	SMART	9.38	8	44	4.3e-01	2.8	37
2931375936	91	SM01207	SMART	27.08	49	81	4.3e-01	2.8	33
2931375943	429	SM00387	SMART	93.08	318	424	3.5e-27	89.4	107
2931375944	314	SM00448	SMART	99.33	1	114	3.5e-24	79.8	114
2931375945	308	SM01130	SMART	99.21	7	298	3.0e-71	234.2	292
2931375948	455	SM00922	SMART	100	195	295	6.6e-17	56.2	101
2931375949	233	SM00345	SMART	98.33	22	81	4.1e-26	85.3	60
2931375949	233	SM00895	SMART	97.2	103	221	7.1e-21	69.8	119
2931375950	510	SM00858	SMART	96.04	20	90	2.0e-11	39.2	71
2931375955	230	SM00448	SMART	99.33	2	112	8.1e-44	144.2	111
2931375956	311	SM00388	SMART	97.75	85	152	1.8e-21	71.2	68
2931375956	311	SM00387	SMART	97.69	198	310	1.2e-35	117.1	113
2931375957	307	SM00382	SMART	78.26	29	221	3.7e-14	47.1	193
2931375961	243	SM00327	SMART	90.67	24	192	1.3e-11	38.6	169
2931375969	375	SM00870	SMART	100	52	369	0.0e+00	468.1	318
2931375973	239	SM00387	SMART	91.54	135	239	3.1e-11	37.2	105
2931375975	233	SM00448	SMART	98	2	112	1.1e-24	81.4	111
2931375975	233	SM00850	SMART	96.52	135	232	6.8e-24	78.7	98
2931375976	246	SM00382	SMART	93.48	30	222	9.2e-21	68.5	193
2931375984	290	SM00028	SMART	73.53	99	129	8.0e-13	42.1	31
2931375984	290	SM00028	SMART	97.06	220	253	8.0e-13	42.1	34
2931375984	290	SM00028	SMART	73.53	259	289	8.0e-13	42.1	31
2931375987	561	SM00642	SMART	100	13	420	0.0e+00	510.3	408
2931375989	231	SM00382	SMART	86.96	28	216	3.3e-15	50.5	189
2931376005	95	SM00418	SMART	100	13	93	4.3e-27	88.5	81
2931376006	418	SM00382	SMART	95.65	58	247	1.1e-23	78	190
2931376006	418	SM00116	SMART	91.49	288	335	2.0e-15	50.5	48
2931376006	418	SM00116	SMART	100	347	394	2.0e-15	50.5	48
2931376012	477	SM00632	SMART	90.62	395	467	1.9e-19	64.2	73
2931376022	199	SM00382	SMART	28.26	7	140	6.9e-03	10.6	134
2931376023	186	SM00382	SMART	28.26	10	147	7.3e-04	13.7	138
2931376026	110	SM00717	SMART	66.04	10	54	1.2e-03	13	45
2931376028	324	SM00347	SMART	26.73	4	42	6.6e-06	19.6	39
2931376028	324	SM00347	SMART	30.69	54	87	6.6e-06	19.6	34
2931376038	336	SM00292	SMART	22.58	23	110	1.8e-03	12.6	88
2931376038	336	SM00292	SMART	11.83	150	174	1.8e-03	12.6	25
2931376047	227	SM00382	SMART	28.26	5	202	4.4e-05	17.7	198
2931376048	175	SM00833	SMART	100	37	152	2.8e-53	174.8	116
2931376050	287	SM00062	SMART	99.59	46	272	5.1e-73	240.1	227
2931376055	141	SM00347	SMART	96.04	22	122	3.7e-25	82.4	101
2931376057	206	SM00382	SMART	68.48	35	190	6.5e-10	33.4	156
2931376062	216	SM00283	SMART	75.27	1	208	1.1e-85	282.2	208
2931376063	296	SM00304	SMART	100	209	261	8.9e-11	36.3	53
2931376065	210	SM00934	SMART	99.25	2	203	4.1e-45	148.3	202
2931376067	3587	SM00823	SMART	28.77	997	1043	3.4e-21	70.8	47
2931376067	3587	SM00823	SMART	31.51	2019	2084	3.4e-21	70.8	66
2931376067	3587	SM00823	SMART	97.95	3044	3111	3.4e-21	70.8	68
2931376068	3583	SM00823	SMART	94.52	973	1037	1.4e-18	62.2	65
2931376068	3583	SM00823	SMART	86.99	2012	2078	1.4e-18	62.2	67
2931376068	3583	SM00823	SMART	97.95	3040	3107	1.4e-18	62.2	68
2931376074	444	SM00345	SMART	98.33	7	66	2.0e-23	76.5	60
2931376077	247	SM00382	SMART	78.26	26	228	7.5e-19	62.3	203
2931376079	268	SM00062	SMART	100	46	265	5.9e-88	289.3	220
2931376080	290	SM00347	SMART	67.33	11	82	1.1e-04	15.6	72
2931376088	584	SM00722	SMART	35.78	44	160	5.1e-16	54.1	117
2931376088	584	SM00722	SMART	94.95	226	382	5.1e-16	54.1	157
2931376093	226	SM00382	SMART	84.78	30	220	1.1e-12	42.4	191
2931376095	227	SM00448	SMART	100	1	111	9.8e-44	143.9	111
2931376096	473	SM00304	SMART	90.57	187	244	2.5e-15	50.8	58
2931376096	473	SM00388	SMART	97.75	247	313	2.6e-20	67.4	67
2931376096	473	SM00387	SMART	99.23	358	470	1.4e-37	123.5	113
2931376097	382	SM00028	SMART	64.71	104	131	4.0e-16	52.5	28
2931376097	382	SM00028	SMART	67.65	183	215	4.0e-16	52.5	33
2931376097	382	SM00028	SMART	82.35	223	255	4.0e-16	52.5	33
2931376097	382	SM00028	SMART	85.29	263	295	4.0e-16	52.5	33
2931376100	37	SM01021	SMART	8.73	8	33	1.4e-02	7.8	26
2931376104	252	SM00382	SMART	97.83	26	213	1.2e-16	55.1	188
2931376111	104	SM00418	SMART	100	16	94	1.1e-26	87.2	79
2931376112	479	SM00345	SMART	100	20	79	1.9e-16	53.9	60
2931376119	190	SM00420	SMART	96.23	6	58	1.4e-15	51.1	53
2931376119	190	SM00746	SMART	80.49	69	103	7.5e-03	10.8	35
2931376124	354	SM01329	SMART	99.77	7	347	0.0e+00	543.7	341
2931376134	240	SM00796	SMART	99.56	5	216	9.1e-108	355.1	212
2931376135	337	SM00797	SMART	99.65	24	323	0.0e+00	487.3	300
2931376136	251	SM00346	SMART	98.9	6	94	9.8e-39	126.5	89
2931376152	144	SM00344	SMART	100	3	109	1.9e-50	165.3	107
2931376153	727	SM00493	SMART	98.56	3	126	2.3e-23	77.5	124
2931376153	727	SM00436	SMART	98.91	126	216	9.7e-48	156.1	91
2931376153	727	SM00437	SMART	99.68	262	548	1.5e-119	394.2	287
2931376153	727	SM00661	SMART	64.81	613	651	8.4e-07	23	39
2931376153	727	SM00661	SMART	85.19	652	700	8.4e-07	23	49
2931376158	320	SM00752	SMART	95.27	26	287	6.2e-31	101.7	262
2931376170	535	SM00091	SMART	88.24	213	277	5.1e-09	30	65
2931376170	535	SM00387	SMART	98.46	417	528	3.0e-26	86.4	112
2931376171	226	SM00448	SMART	99.33	6	119	4.7e-37	122	114
2931376171	226	SM00419	SMART	66	173	211	3.8e-06	20.6	39
2931376174	308	SM00382	SMART	83.7	30	216	1.5e-19	64.5	187
2931376184	494	SM00487	SMART	100	22	219	7.5e-69	226	198
2931376190	389	SM01005	SMART	99.27	245	370	3.5e-67	220.2	126
2931376196	335	SM00331	SMART	98.8	119	333	1.2e-81	268.7	215
2931376198	160	SM00387	SMART	83.08	40	154	9.8e-09	29	115
2931376199	262	SM00421	SMART	21.05	134	147	4.7e-04	13.5	14
2931376199	262	SM00421	SMART	50.88	203	244	4.7e-04	13.5	42
2931376200	199	SM00331	SMART	99.2	9	198	7.9e-54	177.1	190
2931376204	147	SM00347	SMART	92.08	31	130	1.7e-19	63.9	100
2931376205	719	SM00732	SMART	100	321	419	7.8e-41	133.9	99
2931376205	719	SM00316	SMART	98.61	647	718	7.5e-26	84.5	72
2931376207	150	SM00731	SMART	99.45	5	148	2.2e-67	221.4	144
2931376217	127	SM00530	SMART	100	6	61	1.2e-20	67.6	56
2931376222	480	SM00382	SMART	67.39	226	390	1.5e-04	15.9	165
2931376225	83	SM01022	SMART	39.16	6	68	1.1e-09	32.8	63
2931376228	102	SM00711	SMART	56.25	1	12	5.4e-03	10.9	12
2931376232	831	SM00382	SMART	38.04	462	610	4.4e-04	14.5	149
2931376239	391	SM00028	SMART	91.18	224	257	7.3e-07	23.3	34
2931376250	77	SM00530	SMART	96.43	12	67	2.8e-16	53.6	56
2931376257	66	SM00357	SMART	98.57	3	66	1.6e-36	119.5	64
2931376259	153	SM01058	SMART	100	1	111	1.6e-34	113.4	111
2931376261	291	SM00342	SMART	98.81	204	287	2.0e-31	102.9	84
2931376263	294	SM00342	SMART	95.24	21	104	7.1e-30	97.9	84
2931376263	294	SM00871	SMART	99.53	128	288	5.3e-41	135.6	161
2931376264	462	SM00345	SMART	95	28	87	9.2e-15	48.5	60
2931376274	465	SM00345	SMART	90	21	79	5.5e-16	52.5	59
2931376279	111	SM00418	SMART	94.94	10	89	2.3e-35	115.5	80
2931376283	482	SM00345	SMART	95	18	77	6.0e-15	49.1	60
2931376286	226	SM00418	SMART	96.2	7	86	5.5e-27	88.2	80
2931376288	57	SM01021	SMART	19.05	2	48	5.2e-02	6	47
2931376289	387	SM00387	SMART	93.08	292	382	9.4e-12	38.9	91
2931376290	213	SM00448	SMART	98	2	114	1.4e-40	133.6	113
2931376290	213	SM00421	SMART	98.25	146	203	3.3e-23	75.6	58
2931376295	270	SM00422	SMART	86.11	5	70	6.3e-21	68.3	66
2931376295	270	SM00871	SMART	99.06	121	270	4.0e-17	57.3	150
2931376304	76	SM00710	SMART	77.27	8	27	8.1e-03	10.9	20
2931376313	547	SM00382	SMART	85.87	29	181	9.0e-36	117.1	153
2931376313	547	SM00382	SMART	77.17	316	497	9.0e-36	117.1	182
2931376317	152	SM00347	SMART	95.05	29	131	3.9e-32	105.1	103
2931376318	885	SM00322	SMART	55.56	73	117	1.2e-03	13	45
2931376318	885	SM00322	SMART	34.92	119	145	1.2e-03	13	27
2931376320	144	SM00347	SMART	97.03	25	125	1.4e-35	116.4	101
2931376323	224	SM00345	SMART	95	17	74	3.0e-17	56.5	58
2931376323	224	SM00895	SMART	100	84	209	4.4e-17	57.5	126
2931376324	420	SM00257	SMART	100	3	46	9.8e-33	106.6	44
2931376324	420	SM00257	SMART	100	49	93	9.8e-33	106.6	45
2931376327	462	SM00098	SMART	100	44	456	0.0e+00	838.6	413
2931376331	325	SM00471	SMART	91.53	45	160	1.4e-11	38.1	116
2931376339	237	SM00345	SMART	100	7	66	3.6e-14	46.5	60
2931376339	237	SM00866	SMART	97.77	91	229	1.1e-40	134.2	139
2931376358	642	SM00382	SMART	75	28	230	5.6e-32	104.8	203
2931376358	642	SM00382	SMART	85.87	352	525	5.6e-32	104.8	174
2931376360	215	SM00881	SMART	94.4	82	180	3.5e-22	73.2	99
2931376365	94	SM00883	SMART	99.03	2	93	3.1e-61	200.6	92
2931376370	833	SM00382	SMART	76.09	192	403	6.2e-09	30.2	212
2931376370	833	SM00028	SMART	73.53	697	729	2.2e-11	37.6	33
2931376370	833	SM00028	SMART	73.53	736	763	2.2e-11	37.6	28
2931376370	833	SM00028	SMART	76.47	779	807	2.2e-11	37.6	29
2931376375	341	SM00659	SMART	58.7	3	30	2.2e-04	14.7	28
2931376375	341	SM00659	SMART	58.7	52	80	2.2e-04	14.7	29
2931376394	320	SM00382	SMART	82.61	47	179	6.9e-06	20.3	133
2931376396	737	SM00460	SMART	98.89	476	551	5.6e-32	104.8	76
2931376404	162	SM01001	SMART	100	3	154	3.0e-115	379	152
2931376406	431	SM00998	SMART	100	349	429	2.2e-42	138.8	81
2931376409	227	SM01211	SMART	99.67	1	219	0.0e+00	449.2	219
2931376414	512	SM00851	SMART	98.54	15	129	1.2e-58	192.7	115
2931376414	512	SM00798	SMART	100	135	447	0.0e+00	670.5	313
2931376415	422	SM01209	SMART	100	101	293	0.0e+00	431.1	193
2931376415	422	SM01210	SMART	100	325	417	6.7e-48	157	93
2931376416	141	SM00344	SMART	100	1	105	7.1e-31	101.1	105
2931376427	668	SM00532	SMART	100	5	443	0.0e+00	1002.3	439
2931376427	668	SM00278	SMART	85	441	460	4.4e-08	27.1	20
2931376427	668	SM00278	SMART	90	475	494	4.4e-08	27.1	20
2931376427	668	SM00278	SMART	90	539	558	4.4e-08	27.1	20
2931376427	668	SM00292	SMART	88.17	592	662	1.3e-17	58.4	71
2931376437	476	SM00845	SMART	100	326	473	2.2e-80	264.4	148
2931376446	157	SM01408	SMART	26.44	2	36	2.0e-04	15.3	35
2931376446	157	SM01408	SMART	16.09	46	88	2.0e-04	15.3	43
2931376450	376	SM00028	SMART	73.53	99	130	1.1e-16	54.1	32
2931376450	376	SM00028	SMART	100	139	172	1.1e-16	54.1	34
2931376450	376	SM00028	SMART	47.06	189	210	1.1e-16	54.1	22
2931376450	376	SM00028	SMART	85.29	220	252	1.1e-16	54.1	33
2931376450	376	SM00028	SMART	70.59	339	367	1.1e-16	54.1	29
2931376460	577	SM00304	SMART	98.11	312	368	2.7e-08	28.2	57
2931376460	577	SM00387	SMART	89.23	477	574	2.4e-11	37.5	98
2931376461	295	SM00448	SMART	98.67	2	116	3.2e-28	93	115
2931376462	50	SM00342	SMART	44.05	3	41	5.6e-15	49.2	39
2931376467	761	SM00342	SMART	100	672	754	3.0e-34	112.1	83
2931376491	490	SM00894	SMART	100	452	488	8.2e-23	74.8	37
2931376506	629	SM00382	SMART	93.48	28	231	2.8e-32	105.7	204
2931376506	629	SM00382	SMART	85.87	343	514	2.8e-32	105.7	172
2931376506	629	SM00150	SMART	24.04	553	627	2.7e-02	8.5	75
2931376508	140	SM00422	SMART	98.61	4	74	5.0e-34	111	71
2931376508	140	SM00569	SMART	50	73	106	2.6e-01	5.6	34
2931376508	140	SM00569	SMART	50	91	126	2.6e-01	5.6	36
2931376514	518	SM00382	SMART	78.26	28	250	2.2e-27	89.9	223
2931376514	518	SM00382	SMART	80.43	349	507	2.2e-27	89.9	159
2931376515	376	SM00487	SMART	95.89	23	220	3.2e-58	191.1	198
2931376515	376	SM00490	SMART	96.51	256	335	1.1e-24	80.9	80
2931376517	420	SM00656	SMART	8.99	59	90	5.7e-58	190.3	32
2931376517	420	SM00656	SMART	80.15	134	346	5.7e-58	190.3	213
2931376519	542	SM00091	SMART	73.53	216	275	2.5e-05	18.2	60
2931376519	542	SM00668	SMART	66.67	343	387	1.3e-02	10.1	45
2931376519	542	SM00387	SMART	96.15	422	528	1.7e-25	83.9	107
2931376520	226	SM00448	SMART	99.33	2	115	7.5e-26	85.2	114
2931376520	226	SM00530	SMART	51.79	161	207	1.6e-04	15.8	47
2931376524	264	SM00849	SMART	99.19	30	241	1.3e-37	124.2	212
2931376539	561	SM00642	SMART	100	16	418	0.0e+00	559.3	403
2931376540	238	SM00345	SMART	100	9	68	1.6e-18	60.6	60
2931376540	238	SM00866	SMART	99.44	90	229	7.1e-34	111.8	140
2931376549	156	SM00226	SMART	99.35	2	149	1.2e-71	235.5	148
2931376562	287	SM00478	SMART	95.53	127	284	4.1e-41	135.2	158
2931376569	342	SM00861	SMART	98.87	5	192	3.8e-63	207.8	188
2931376572	604	SM00382	SMART	88.04	315	457	2.8e-15	50.7	143
2931376579	104	SM00498	SMART	3.21	11	28	9.9e-01	1.2	18
2931376579	104	SM00498	SMART	14.23	38	103	9.9e-01	1.2	66
2931376584	573	SM00382	SMART	96.74	356	540	5.2e-16	53	185
2931376585	604	SM00382	SMART	91.3	391	581	9.6e-19	61.9	191
2931376588	314	SM00342	SMART	100	205	287	2.1e-31	102.8	83
2931376595	220	SM00448	SMART	100	2	115	6.3e-32	105.1	114
2931376595	220	SM00421	SMART	96.49	155	212	1.2e-28	93.2	58
2931376596	311	SM00382	SMART	78.26	26	232	1.7e-11	38.4	207
2931376607	160	SM00347	SMART	99.01	40	140	3.1e-40	131.5	101
2931376623	172	SM00287	SMART	98.55	42	105	3.8e-32	104.8	64
2931376623	172	SM00287	SMART	95.65	112	172	3.8e-32	104.8	61
2931376629	369	SM00478	SMART	99.44	48	199	1.1e-56	186.3	152
2931376629	369	SM00525	SMART	95.24	200	220	1.4e-06	23	21
2931376633	86	SM00787	SMART	22.39	1	74	2.7e-02	6.2	74
2931376635	580	SM00382	SMART	92.39	367	555	1.0e-16	55.3	189
2931376668	483	SM01060	SMART	100	7	391	0.0e+00	1004.9	385
2931376669	255	SM00382	SMART	81.52	31	207	9.6e-20	65.1	177
2931376670	329	SM00062	SMART	96.31	32	255	1.1e-37	123.6	224
2931376676	67	SM00530	SMART	94.64	5	60	1.6e-17	57.5	56
2931376679	386	SM00567	SMART	80	299	327	5.4e-12	39.7	29
2931376679	386	SM00567	SMART	96.67	330	359	5.4e-12	39.7	30
2931376682	213	SM00422	SMART	34.72	9	34	2.3e-02	7.7	26
2931376682	213	SM00422	SMART	38.89	51	78	2.3e-02	7.7	28
2931376686	631	SM00763	SMART	100	21	371	0.0e+00	664.8	351
2931376688	154	SM00347	SMART	97.03	31	131	7.6e-33	107.4	101
2931376689	210	SM00740	SMART	31.34	53	74	1.7e-01	5.6	22
2931376689	210	SM00740	SMART	31.34	82	112	1.7e-01	5.6	31
2931376694	121	SM00345	SMART	100	15	74	4.3e-26	85.1	60
2931376695	232	SM00382	SMART	94.57	27	203	4.2e-21	69.5	177
2931376696	306	SM00382	SMART	95.65	30	210	2.2e-16	54.3	181
2931376698	67	SM00357	SMART	98.57	3	66	4.3e-35	114.9	64
2931376700	359	SM00267	SMART	98.3	181	355	9.0e-77	252	175
2931376714	100	SM00530	SMART	96.43	36	90	3.0e-07	24.5	55
2931376727	390	SM00028	SMART	70.59	102	131	6.1e-07	23.5	30
2931376727	390	SM00028	SMART	50	198	216	6.1e-07	23.5	19
2931376727	390	SM00028	SMART	82.35	223	254	6.1e-07	23.5	32
2931376729	148	SM01333	SMART	4.45	26	131	5.6e-01	2.4	106
2931376733	1196	SM00318	SMART	99.35	355	496	9.8e-50	163	142
2931376735	302	SM00363	SMART	96.83	19	82	3.8e-12	40.2	64
2931376737	140	SM00116	SMART	87.23	11	57	7.6e-37	118.9	47
2931376737	140	SM00116	SMART	91.49	75	122	7.6e-37	118.9	48
2931376746	379	SM00065	SMART	97.89	24	172	3.3e-09	30.8	149
2931376746	379	SM00387	SMART	96.92	279	373	1.7e-08	28.1	95
2931376747	215	SM00448	SMART	99.33	1	114	3.3e-36	119.2	114
2931376747	215	SM00421	SMART	98.25	147	204	5.0e-31	100.9	58
2931376751	488	SM00257	SMART	100	28	71	2.0e-93	301.9	44
2931376751	488	SM00257	SMART	100	93	136	2.0e-93	301.9	44
2931376751	488	SM00257	SMART	95.56	175	218	2.0e-93	301.9	44
2931376751	488	SM00257	SMART	97.78	241	284	2.0e-93	301.9	44
2931376751	488	SM00257	SMART	100	308	351	2.0e-93	301.9	44
2931376755	458	SM00098	SMART	100	47	457	0.0e+00	820	411
2931376756	334	SM00257	SMART	95.56	27	70	4.3e-60	194.6	44
2931376756	334	SM00257	SMART	100	87	130	4.3e-60	194.6	44
2931376756	334	SM00257	SMART	100	150	193	4.3e-60	194.6	44
2931376762	469	SM00345	SMART	90	23	77	1.1e-13	45.1	55
2931376768	199	SM00563	SMART	98.52	33	144	4.6e-33	108.7	112
2931376769	444	SM00116	SMART	76.6	292	337	2.3e-02	8.8	46
2931376769	444	SM01091	SMART	99.09	354	431	3.0e-22	73.3	78
2931376770	181	SM00422	SMART	98.61	50	118	1.4e-30	99.8	69
2931376773	461	SM00116	SMART	76.6	226	270	8.2e-05	16.6	45
2931376784	585	SM00382	SMART	78.26	363	555	3.7e-16	53.6	193
2931376785	673	SM00382	SMART	97.83	455	647	7.8e-17	55.8	193
2931376798	501	SM00729	SMART	99.19	170	394	9.9e-50	163.9	225
2931376804	298	SM00382	SMART	75	26	237	1.1e-11	39.1	212
2931376808	314	SM00471	SMART	86.44	157	288	4.4e-11	36.6	132
2931376813	203	SM00347	SMART	96.04	37	137	1.5e-28	93.5	101
2931376814	118	SM01212	SMART	11.64	35	61	3.9e-02	7.4	27
2931376814	118	SM01212	SMART	23.97	58	118	3.9e-02	7.4	61
2931376819	247	SM00382	SMART	84.78	28	225	2.8e-14	47.5	198
2931376831	775	SM00150	SMART	50	307	429	7.0e-03	10.5	123
2931376838	244	SM00849	SMART	82.11	18	205	2.5e-18	61	188
2931376848	193	SM00855	SMART	95.89	3	146	5.4e-27	88.9	144
2931376852	432	SM00283	SMART	73.09	200	432	3.4e-37	122.1	233
2931376857	77	SM00914	SMART	100	34	70	9.4e-16	51.7	37
2931376860	89	SM00894	SMART	97.37	33	88	1.1e-07	26.2	56
2931376867	175	SM00347	SMART	96.04	42	145	1.1e-30	100.4	104
2931376875	329	SM00354	SMART	98.61	1	71	7.3e-33	107.3	71
2931376885	1130	SM00382	SMART	21.74	28	191	3.5e-04	14.8	164
2931376886	100	SM00782	SMART	36.17	7	29	6.9e-04	13	23
2931376886	100	SM00782	SMART	21.28	37	48	6.9e-04	13	12
2931376890	205	SM00397	SMART	67.65	9	62	8.6e-01	3.7	54
2931376903	290	SM00342	SMART	97.62	199	282	1.9e-28	93.3	84
2931376904	337	SM00354	SMART	100	2	72	2.3e-39	128.6	71
2931376908	482	SM00345	SMART	100	18	77	1.4e-19	64.1	60
2931376915	282	SM00316	SMART	69.44	2	62	1.3e-18	61.2	61
2931376915	282	SM00316	SMART	68.06	76	129	1.3e-18	61.2	54
2931376915	282	SM00316	SMART	94.44	150	211	1.3e-18	61.2	62
2931376930	345	SM00859	SMART	100	2	141	4.1e-52	171.8	140
2931376934	353	SM01097	SMART	98.68	1	130	1.2e-78	258.3	130
2931376935	1030	SM01096	SMART	98.39	420	542	3.5e-66	217.4	123
2931376950	328	SM00382	SMART	95.65	33	230	1.4e-18	61.5	198
2931376951	329	SM00382	SMART	92.39	45	237	6.5e-18	59.3	193
2931376961	355	SM00382	SMART	94.57	33	240	1.3e-19	64.8	208
2931376962	305	SM00382	SMART	78.26	34	235	1.1e-17	58.6	202
2931376970	55	SM01077	SMART	27.2	5	43	3.9e-01	3.9	39
2931376975	190	SM01118	SMART	96.95	4	189	4.9e-24	79.8	186
2931376977	212	SM00954	SMART	99.24	46	166	3.5e-43	142.3	121
2931377017	123	SM00530	SMART	98.21	8	64	9.7e-15	48.7	57
2931377018	117	SM00530	SMART	100	28	87	1.9e-09	31.6	60
2931377019	34	SM00497	SMART	39.62	7	33	1.6e-04	16.4	27
2931377026	71	SM00530	SMART	91.07	7	61	1.3e-09	32.2	55
2931377029	61	SM00268	SMART	9.24	7	49	4.3e-03	8.5	43
2931377035	371	SM00028	SMART	52.94	17	42	2.6e-05	18.5	26
2931377035	371	SM00028	SMART	70.59	175	208	2.6e-05	18.5	34
2931377035	371	SM00028	SMART	85.29	215	246	2.6e-05	18.5	32
2931377035	371	SM00028	SMART	52.94	262	283	2.6e-05	18.5	22
2931377037	152	SM00860	SMART	95	22	146	6.7e-13	43.3	125
2931377041	50	SM00502	SMART	35.61	2	47	4.0e-04	13.9	46
2931377042	79	SM00530	SMART	96.43	5	68	1.8e-07	25.3	64
2931377051	648	SM00420	SMART	67.92	7	48	2.3e-04	14.8	42
2931377071	985	SM00929	SMART	88.37	86	125	9.1e-12	38.8	40
2931377078	62	SM00109	SMART	63.93	17	59	2.6e-02	8.2	43
2931377081	250	SM00382	SMART	77.17	41	229	1.0e-14	49	189
2931377095	333	SM00354	SMART	100	1	71	1.8e-34	112.6	71
2931377097	497	SM00858	SMART	98.02	11	82	4.2e-19	64.2	72
2931377100	373	SM00382	SMART	93.48	219	339	3.5e-15	50.5	121
2931377104	376	SM00028	SMART	64.71	102	127	1.5e-14	47.5	26
2931377104	376	SM00028	SMART	88.24	220	252	1.5e-14	47.5	33
2931377104	376	SM00028	SMART	85.29	260	292	1.5e-14	47.5	33
2931377104	376	SM00028	SMART	55.88	340	359	1.5e-14	47.5	20
2931377107	317	SM00644	SMART	97.24	15	153	1.4e-45	150.3	139
2931377107	317	SM00257	SMART	100	178	222	1.5e-20	67.4	45
2931377112	113	SM00530	SMART	100	5	58	1.2e-19	64.4	54
2931377115	266	SM00382	SMART	75	116	242	2.0e-12	41.6	127
2931377120	169	SM00421	SMART	17.54	111	125	5.1e-04	13.4	15
2931377120	169	SM00421	SMART	42.11	127	157	5.1e-04	13.4	31
2931377136	219	SM00257	SMART	100	160	218	1.5e-13	44.8	59
2931377149	297	SM00644	SMART	93.37	11	151	1.0e-41	137.4	141
2931377149	297	SM00257	SMART	100	160	204	1.6e-22	73.7	45
2931377158	58	SM01207	SMART	31.77	1	41	3.1e-02	6.6	41
2931377159	450	SM00228	SMART	90	343	433	1.5e-14	48.4	91
2931377164	335	SM00382	SMART	77.17	33	236	2.2e-20	67.2	204
2931377168	359	SM00922	SMART	100	141	240	2.3e-31	103.5	100
2931377170	329	SM00382	SMART	90.22	36	229	4.4e-16	53.3	194
2931377184	365	SM00359	SMART	81.4	277	355	3.2e-23	76.1	79
2931377187	147	SM00347	SMART	86.14	31	131	7.9e-33	107.3	101
2931377195	547	SM00382	SMART	69.57	34	248	6.8e-33	107.7	215
2931377195	547	SM00382	SMART	94.57	319	501	6.8e-33	107.7	183
2931377197	69	SM01207	SMART	30.21	13	62	6.5e-02	5.5	50
2931377199	228	SM00448	SMART	99.33	4	115	6.5e-46	151	112
2931377200	454	SM00304	SMART	98.11	176	230	1.9e-05	19.1	55
2931377200	454	SM00388	SMART	98.88	231	298	2.6e-19	64.2	68
2931377200	454	SM00387	SMART	96.92	340	450	4.8e-38	125	111
2931377206	451	SM00924	SMART	100	33	136	1.9e-28	94.1	104
2931377206	451	SM00116	SMART	65.96	147	193	1.6e-15	50.8	47
2931377206	451	SM00116	SMART	95.74	207	255	1.6e-15	50.8	49
2931377207	110	SM00422	SMART	95.83	14	82	2.9e-28	92.2	69
2931377210	154	SM00347	SMART	99.01	34	134	1.1e-37	123.1	101
2931377217	294	SM00559	SMART	99.35	52	181	1.2e-57	188.9	130
2931377218	800	SM00267	SMART	99.43	361	534	6.2e-69	226.2	174
2931377218	800	SM00052	SMART	99.22	544	789	0.0e+00	447.7	246
2931377232	738	SM00091	SMART	73.53	31	89	1.6e-37	120.7	59
2931377232	738	SM00091	SMART	86.76	152	217	1.6e-37	120.7	66
2931377232	738	SM00091	SMART	76.47	273	331	1.6e-37	120.7	59
2931377232	738	SM00091	SMART	79.41	393	456	1.6e-37	120.7	64
2931377232	738	SM00388	SMART	96.63	516	580	1.4e-17	58.6	65
2931377232	738	SM00387	SMART	97.69	622	729	2.8e-34	112.6	108
2931377241	209	SM01007	SMART	98.94	9	198	1.5e-49	163.4	190
2931377246	500	SM00388	SMART	96.63	285	350	4.9e-19	63.3	66
2931377246	500	SM00387	SMART	96.92	393	499	3.4e-34	112.4	107
2931377247	145	SM00347	SMART	95.05	26	125	4.1e-28	92	100
2931377250	699	SM00382	SMART	92.39	111	253	8.7e-31	100.9	143
2931377250	699	SM00382	SMART	92.39	438	610	8.7e-31	100.9	173
2931377250	699	SM01086	SMART	99.02	609	696	1.3e-33	110.2	88
2931377265	321	SM00354	SMART	97.22	1	71	1.7e-35	115.8	71
2931377266	288	SM01061	SMART	100	12	70	1.1e-27	90.5	59
2931377273	655	SM00283	SMART	15.64	329	382	1.4e-87	288.5	54
2931377273	655	SM00283	SMART	100	379	654	1.4e-87	288.5	276
2931377278	610	SM00091	SMART	72.06	8	70	7.8e-36	115.3	63
2931377278	610	SM00086	SMART	72.09	74	115	4.2e-10	33.7	42
2931377278	610	SM00091	SMART	97.06	143	209	7.8e-36	115.3	67
2931377278	610	SM00086	SMART	95.35	215	255	4.2e-10	33.7	41
2931377278	610	SM00091	SMART	95.59	267	333	7.8e-36	115.3	67
2931377278	610	SM00388	SMART	96.63	396	458	1.5e-17	58.5	63
2931377278	610	SM00387	SMART	98.46	501	607	6.6e-35	114.7	107
2931377281	303	SM00260	SMART	99.34	14	149	2.1e-43	142.4	136
2931377281	303	SM00448	SMART	93.33	175	297	3.1e-28	93	123
2931377284	167	SM00257	SMART	100	6	49	3.9e-14	46.7	44
2931377287	407	SM00052	SMART	95.29	1	239	3.0e-62	204.2	239
2931377295	297	SM00564	SMART	66.67	131	166	9.2e-05	16.6	36
2931377295	297	SM00564	SMART	36.36	225	264	9.2e-05	16.6	40
2931377307	321	SM01279	SMART	37.25	51	68	2.6e-02	8.3	18
2931377307	321	SM01279	SMART	37.25	255	274	2.6e-02	8.3	20
2931377314	585	SM00382	SMART	79.35	361	561	2.4e-16	54.1	201
2931377315	604	SM00382	SMART	94.57	388	574	5.9e-18	59.4	187
2931377318	230	SM00382	SMART	91.3	31	223	1.1e-16	55.3	193
2931377319	397	SM01066	SMART	98.96	57	132	5.9e-03	9.9	76
2931377320	251	SM00420	SMART	98.11	6	58	1.8e-27	89.7	53
2931377320	251	SM01134	SMART	98.77	73	233	3.0e-65	214	161
2931377325	540	SM00382	SMART	84.78	26	228	4.4e-21	69.5	203
2931377325	540	SM00382	SMART	40.22	341	518	4.4e-21	69.5	178
2931377330	92	SM00966	SMART	95.74	8	51	1.3e-12	41.8	44
2931377331	428	SM00091	SMART	76.47	78	143	8.6e-11	35.6	66
2931377331	428	SM00086	SMART	90.7	149	191	3.5e-12	40.3	43
2931377331	428	SM00388	SMART	96.63	215	277	2.8e-18	60.8	63
2931377331	428	SM00387	SMART	99.23	320	426	5.8e-35	114.9	107
2931377335	555	SM00849	SMART	93.9	21	213	2.4e-27	90.6	193
2931377363	612	SM00838	SMART	86.36	400	478	7.1e-11	35.5	79
2931377365	69	SM00659	SMART	26.09	2	21	4.7e-02	7.2	20
2931377365	69	SM00659	SMART	23.91	32	49	4.7e-02	7.2	18
2931377367	442	SM00670	SMART	96.58	3	135	6.3e-31	102.4	133
2931377367	442	SM00382	SMART	65.22	253	412	9.8e-06	19.8	160
2931377372	1148	SM00878	SMART	100	346	453	3.7e-53	174.5	108
2931377381	148	SM00116	SMART	74.47	11	58	1.1e-21	70.5	48
2931377381	148	SM00116	SMART	87.23	77	120	1.1e-21	70.5	44
2931377384	79	SM00573	SMART	34.25	1	31	2.1e-01	5.3	31
2931377384	79	SM00573	SMART	15.07	56	76	2.1e-01	5.3	21
2931377392	341	SM00228	SMART	88.75	105	186	1.2e-10	35.8	82
2931377396	59	SM00547	SMART	48	21	36	8.7e-03	10.3	16
2931377396	59	SM00547	SMART	24	38	49	8.7e-03	10.3	12
2931377397	193	SM00717	SMART	96.23	5	59	2.2e-05	18.5	55
2931377397	193	SM00338	SMART	60	123	172	1.0e-05	19.6	50
2931377404	684	SM00740	SMART	95.52	565	625	8.7e-20	64.7	61
2931377404	684	SM00740	SMART	91.04	626	681	8.7e-20	64.7	56
2931377405	646	SM00740	SMART	95.52	580	638	1.3e-18	60.9	59
2931377416	440	SM00842	SMART	100	7	194	1.1e-91	301.3	188
2931377417	382	SM00864	SMART	99.57	13	205	8.9e-120	394.5	193
2931377421	239	SM00530	SMART	42.86	176	235	2.5e-08	28	60
2931377423	264	SM00382	SMART	95.65	27	220	1.7e-13	44.9	194
2931377429	90	SM00730	SMART	8.91	1	36	8.3e-01	1.9	36
2931377429	90	SM00730	SMART	7.18	61	90	8.3e-01	1.9	30
2931377430	257	SM00363	SMART	92.06	181	238	5.9e-18	58.9	58
2931377436	303	SM00363	SMART	80.95	15	74	2.8e-16	53.5	60
2931377444	364	SM01097	SMART	98.68	1	131	1.0e-89	294.6	131
2931377445	1071	SM01096	SMART	100	420	540	6.6e-68	223	121
2931377448	239	SM00934	SMART	99.25	5	230	3.4e-91	300.3	226
2931377453	197	SM00382	SMART	33.7	27	130	4.1e-10	33.9	104
2931377458	890	SM00831	SMART	98.67	2	76	6.4e-28	91.2	75
2931377461	204	SM00072	SMART	99.01	4	187	2.3e-87	287	184
2931377462	67	SM01409	SMART	97.44	8	61	5.0e-16	52.5	54
2931377464	805	SM00487	SMART	94.52	264	457	2.8e-33	109.2	194
2931377464	805	SM00487	SMART	31.96	566	628	2.8e-33	109.2	63
2931377469	254	SM00331	SMART	99.2	7	243	3.0e-75	247.7	237
2931377470	648	SM00220	SMART	95.24	11	269	6.1e-81	266.2	259
2931377470	648	SM00740	SMART	98.51	356	424	2.3e-56	183	69
2931377470	648	SM00740	SMART	97.01	425	492	2.3e-56	183	68
2931377470	648	SM00740	SMART	98.51	493	559	2.3e-56	183	67
2931377473	214	SM00983	SMART	100	142	208	1.6e-28	93.3	67
2931377476	553	SM01120	SMART	99.46	36	201	3.2e-71	234.3	166
2931377476	553	SM01121	SMART	100	239	553	0.0e+00	629.6	315
2931377479	682	SM00487	SMART	96.35	253	445	1.7e-37	123.1	193
2931377482	317	SM00827	SMART	10.47	7	44	8.1e-52	170.1	38
2931377482	317	SM00827	SMART	71.2	77	289	8.1e-52	170.1	213
2931377485	249	SM00535	SMART	97.14	35	168	9.1e-66	215.8	134
2931377485	249	SM00358	SMART	97.06	176	243	7.2e-26	84.9	68
2931377486	1186	SM00382	SMART	17.39	24	57	3.6e-07	24.5	34
2931377486	1186	SM00968	SMART	99.05	518	637	6.6e-43	140.7	120
2931377486	1186	SM01279	SMART	33.33	670	694	3.0e+00	1.7	25
2931377486	1186	SM01279	SMART	41.18	771	792	3.0e+00	1.7	22
2931377486	1186	SM00382	SMART	44.57	970	1164	3.6e-07	24.5	195
2931377487	329	SM00963	SMART	98.95	22	103	1.3e-29	97.5	82
2931377487	329	SM00962	SMART	99.22	120	321	6.8e-125	411.4	202
2931377490	446	SM00963	SMART	98.95	3	87	6.0e-38	124.7	85
2931377490	446	SM00962	SMART	100	101	297	8.6e-125	411.1	197
2931377503	300	SM00881	SMART	100	4	100	2.3e-38	126.2	97
2931377505	691	SM00493	SMART	94.96	3	101	5.7e-37	122	99
2931377505	691	SM00436	SMART	97.83	104	192	8.5e-57	185.8	89
2931377505	691	SM00437	SMART	99.68	242	510	0.0e+00	475.5	269
2931377509	467	SM00382	SMART	91.3	51	360	6.2e-15	49.6	310
2931377509	467	SM01086	SMART	86.27	359	454	2.0e-29	96.5	96
2931377510	259	SM00419	SMART	56	204	246	5.4e-04	13.7	43
2931377513	106	SM01127	SMART	31.63	1	103	2.5e-02	8.2	103
2931377517	438	SM00382	SMART	97.83	157	338	1.6e-10	35.3	182
2931377527	120	SM00448	SMART	100	3	115	1.0e-44	147.2	113
2931377534	366	SM00962	SMART	98.05	176	365	4.6e-60	197.2	190
2931377535	296	SM00382	SMART	34.78	30	225	6.7e-04	13.9	196
2931377536	357	SM00448	SMART	94	2	112	1.4e-35	117.2	111
2931377536	357	SM00448	SMART	20	205	233	1.4e-35	117.2	29
2931377537	672	SM00073	SMART	100	3	100	3.2e-43	141.4	98
2931377537	672	SM01231	SMART	100	292	352	4.8e-21	70.1	61
2931377537	672	SM00387	SMART	96.92	398	540	9.1e-27	88.1	143
2931377537	672	SM00260	SMART	100	532	671	3.5e-49	161.4	140
2931377538	156	SM00260	SMART	99.34	6	143	5.2e-44	144.5	138
2931377542	254	SM00530	SMART	30.36	115	142	9.4e-04	13.4	28
2931377542	254	SM00530	SMART	37.5	210	249	9.4e-04	13.4	40
2931377551	420	SM00228	SMART	62.5	192	258	4.6e-08	27.5	67
2931377553	1437	SM00481	SMART	100	335	402	7.9e-31	101.1	68
2931377553	1437	SM00479	SMART	99.49	420	587	6.7e-62	203.6	168
2931377555	371	SM00316	SMART	88.89	133	198	6.6e-16	52.4	66
2931377555	371	SM00322	SMART	87.3	229	303	1.3e-16	54.7	75
2931377555	371	SM00322	SMART	55.56	300	358	1.3e-16	54.7	59
2931377562	316	SM00904	SMART	100	185	312	1.4e-63	208.7	128
2931377563	89	SM01387	SMART	100	8	88	1.0e-55	182.7	81
2931377564	705	SM00322	SMART	96.83	553	618	2.8e-16	53.6	66
2931377564	705	SM00316	SMART	100	621	691	9.4e-27	87.5	71
2931377572	290	SM01130	SMART	97.09	2	290	0.0e+00	483.6	289
2931377576	787	SM00382	SMART	85.87	459	640	6.6e-07	23.6	182
2931377576	787	SM00843	SMART	98.48	715	780	3.6e-43	141.3	66
2931377577	241	SM00345	SMART	100	14	73	1.1e-24	80.7	60
2931377577	241	SM00866	SMART	99.44	95	233	8.0e-33	108.4	139
2931377584	304	SM00530	SMART	66.07	7	68	4.9e-07	23.9	62
2931377586	416	SM00852	SMART	100	8	175	3.7e-47	155.4	168
2931377587	348	SM00382	SMART	98.91	56	227	4.1e-13	43.7	172
2931377589	520	SM00322	SMART	90.48	208	275	1.4e-09	32.1	68
2931377589	520	SM00471	SMART	94.92	332	437	1.9e-16	53.8	106
2931377594	509	SM00729	SMART	98.37	211	429	8.4e-68	223.4	219
2931377597	858	SM00533	SMART	99.7	270	578	5.1e-123	405.8	309
2931377597	858	SM00534	SMART	99.5	595	782	8.8e-127	417.6	188
2931377598	627	SM01340	SMART	99.38	208	326	4.4e-53	174.4	119
2931377598	627	SM00853	SMART	100	441	583	3.1e-56	185.1	143
2931377610	74	SM00496	SMART	64.71	12	23	8.7e-03	10.8	12
2931377611	137	SM00340	SMART	38.64	77	101	8.0e-03	10.2	25
2931377611	137	SM00340	SMART	40.91	105	134	8.0e-03	10.2	30
2931377629	314	SM00382	SMART	30.43	5	106	1.6e-03	12.7	102
2931377638	324	SM00382	SMART	91.3	94	231	1.9e-12	41.5	138
2931377641	135	SM00422	SMART	97.22	12	80	4.1e-33	108.1	69
2931377642	444	SM01230	SMART	100	105	354	0.0e+00	466.7	250
2931377645	128	SM00530	SMART	100	12	67	3.3e-16	53.4	56
2931377646	72	SM00530	SMART	100	8	63	2.2e-18	60.4	56
2931377653	311	SM00382	SMART	60.87	12	117	4.2e-05	17.8	106
2931377656	805	SM00885	SMART	99.48	335	484	8.3e-49	160.8	150
2931377658	179	SM00891	SMART	99.27	21	116	2.3e-16	54.2	96
2931377688	325	SM00644	SMART	92.82	15	151	3.5e-44	145.6	137
2931377688	325	SM00257	SMART	97.78	183	227	8.5e-22	71.4	45
2931377689	154	SM00860	SMART	91.67	23	140	3.2e-12	41	118
2931377697	169	SM00860	SMART	98.33	36	147	1.8e-15	51.5	112
2931377699	252	SM00382	SMART	91.3	100	231	2.2e-09	31.7	132
2931377700	520	SM00421	SMART	35.09	19	44	7.9e-04	12.7	26
2931377700	520	SM00421	SMART	28.07	92	109	7.9e-04	12.7	18
2931377714	384	SM00419	SMART	78	21	74	6.4e-04	13.5	54
2931377718	211	SM00318	SMART	99.35	64	197	2.2e-52	171.8	134
2931377720	395	SM01005	SMART	100	251	380	2.0e-63	207.9	130
2931377752	205	SM00419	SMART	66	25	70	5.5e-04	13.7	46
2931377753	103	SM00257	SMART	97.78	37	88	3.2e-10	34.1	52
2931377754	217	SM00857	SMART	98.92	3	149	5.3e-38	125.1	147
2931377759	63	SM00914	SMART	24.32	7	25	3.5e-01	5	19
2931377759	63	SM00914	SMART	40.54	43	58	3.5e-01	5	16
2931377761	120	SM00448	SMART	99.33	2	114	1.3e-33	110.7	113
2931377775	193	SM01207	SMART	100	8	183	2.8e-86	283.9	176
2931377777	655	SM00433	SMART	99.84	38	634	0.0e+00	1256	597
2931377778	806	SM00434	SMART	99.81	10	463	0.0e+00	904.4	454
2931377782	499	SM01067	SMART	100	356	437	5.2e-37	121.7	82
2931377785	515	SM00606	SMART	99.35	377	514	1.2e-59	196.2	138
2931377794	444	SM00878	SMART	99.3	336	441	1.0e-53	176.4	106
2931377803	2567	SM00823	SMART	32.19	982	1035	9.7e-18	59.4	54
2931377803	2567	SM00823	SMART	35.62	2014	2071	9.7e-18	59.4	58
2931377820	248	SM00359	SMART	83.72	158	239	6.3e-21	68.7	82
2931377830	312	SM00382	SMART	82.61	29	220	1.9e-13	44.9	192
2931377831	183	SM00347	SMART	93.07	37	133	2.4e-17	57	97
2931377843	192	SM00860	SMART	91.67	24	165	2.6e-14	47.8	142
2931377844	152	SM00860	SMART	93.33	23	144	1.4e-09	32.6	122
2931377845	152	SM00860	SMART	60	22	71	3.0e-14	47.7	50
2931377845	152	SM00860	SMART	56.67	74	135	3.0e-14	47.7	62
2931377847	185	SM00860	SMART	96.67	42	173	1.2e-12	42.5	132
2931377851	239	SM00342	SMART	98.81	148	231	1.1e-30	100.6	84
2931377854	233	SM00849	SMART	100	20	212	2.3e-35	117	193
2931377855	159	SM00871	SMART	98.11	5	159	2.8e-26	87.5	155
2931377856	313	SM00420	SMART	73.58	5	50	8.9e-06	19.4	46
2931377858	107	SM00418	SMART	100	24	102	6.6e-39	127.1	79
2931377866	199	SM00448	SMART	99.33	2	113	3.5e-30	99.6	112
2931377866	199	SM00421	SMART	96.49	135	192	9.7e-26	83.9	58
2931377868	287	SM00257	SMART	97.78	27	70	3.2e-37	121.1	44
2931377868	287	SM00257	SMART	97.78	79	122	3.2e-37	121.1	44
2931377869	591	SM00487	SMART	98.63	14	212	5.1e-36	118.3	199
2931377869	591	SM00487	SMART	37.44	223	303	5.1e-36	118.3	81
2931377869	591	SM00956	SMART	98.43	405	508	8.0e-44	143.8	104
2931377869	591	SM00341	SMART	96.3	513	591	9.5e-33	106.9	79
2931377872	163	SM01408	SMART	19.54	4	84	6.3e-03	10.5	81
2931377886	944	SM00861	SMART	98.87	595	791	1.9e-47	156.1	197
2931377887	638	SM00327	SMART	97.41	442	633	9.4e-24	78.5	192
2931377888	296	SM00382	SMART	83.7	57	275	1.8e-09	32	219
2931377890	411	SM00257	SMART	100	28	71	2.5e-70	227.7	44
2931377890	411	SM00257	SMART	100	89	132	2.5e-70	227.7	44
2931377890	411	SM00257	SMART	100	158	201	2.5e-70	227.7	44
2931377890	411	SM00257	SMART	97.78	226	269	2.5e-70	227.7	44
2931377913	466	SM00228	SMART	98.75	104	175	3.9e-21	69.9	72
2931377913	466	SM00245	SMART	98.09	176	364	4.1e-88	289.8	189
2931377920	203	SM00014	SMART	97.52	78	191	7.0e-30	98.4	114
2931377925	92	SM00440	SMART	30	2	14	9.6e-03	9.5	13
2931377925	92	SM00440	SMART	22.5	15	23	9.6e-03	9.5	9
2931377925	92	SM00440	SMART	20	38	49	9.6e-03	9.5	12
2931377929	127	SM00882	SMART	53.64	9	115	9.6e-33	107.8	107
2931377930	95	SM00882	SMART	42.15	9	93	1.0e-25	84.6	85
2931377931	229	SM00882	SMART	99.23	7	219	1.6e-75	248.9	213
2931377944	141	SM00347	SMART	96.04	27	127	1.5e-35	116.3	101
2931377952	331	SM00382	SMART	92.39	35	153	5.6e-11	36.9	119
2931377961	377	SM00932	SMART	93.75	4	89	5.9e-32	104.8	86
2931377961	377	SM00567	SMART	36.67	234	247	1.4e-24	79.4	14
2931377961	377	SM00567	SMART	93.33	249	278	1.4e-24	79.4	30
2931377961	377	SM00567	SMART	96.67	280	309	1.4e-24	79.4	30
2931377961	377	SM00567	SMART	96.67	311	340	1.4e-24	79.4	30
2931377962	205	SM00471	SMART	93.22	22	138	2.2e-13	44	117
2931377966	66	SM00357	SMART	98.57	3	66	1.4e-33	110.2	64
2931377969	60	SM00746	SMART	80.49	15	54	5.3e-02	8.2	40
2931377974	296	SM00475	SMART	99.64	2	265	0.0e+00	469.9	264
2931377987	339	SM00354	SMART	98.61	8	79	3.5e-34	111.7	72
2931377990	641	SM00491	SMART	78.75	498	618	3.5e-17	56.7	121
2931377992	385	SM00981	SMART	99.15	57	156	4.9e-12	40.2	100
2931377998	749	SM00487	SMART	99.54	51	255	1.9e-34	113.1	205
2931377998	749	SM00490	SMART	75.58	306	389	9.5e-19	61.8	84
2931378008	914	SM00060	SMART	78.26	710	781	1.4e-06	23.2	72
2931378010	219	SM00478	SMART	100	39	187	6.3e-74	243.2	149
2931378010	219	SM00525	SMART	90.48	188	208	2.5e-07	25.5	21
2931378015	56	SM00957	SMART	5.69	12	53	1.7e-03	9.4	42
2931378016	931	SM00479	SMART	99.49	5	172	3.6e-59	194.7	168
2931378016	931	SM00487	SMART	64.38	260	505	5.5e-13	42.6	246
2931378016	931	SM00491	SMART	100	764	898	2.7e-53	175.5	135
2931378021	325	SM00419	SMART	70	20	63	4.7e-04	14	44
2931378035	179	SM00914	SMART	100	139	175	6.6e-17	55.5	37
2931378036	423	SM00028	SMART	44.12	39	65	5.3e-17	55.3	27
2931378036	423	SM00028	SMART	58.82	139	164	5.3e-17	55.3	26
2931378036	423	SM00028	SMART	94.12	171	204	5.3e-17	55.3	34
2931378036	423	SM00028	SMART	67.65	246	271	5.3e-17	55.3	26
2931378036	423	SM00028	SMART	76.47	273	305	5.3e-17	55.3	33
2931378036	423	SM00028	SMART	61.76	344	373	5.3e-17	55.3	30
2931378050	256	SM00138	SMART	100	1	254	0.0e+00	441.4	254
2931378051	149	SM00562	SMART	100	2	139	1.4e-94	310.9	138
2931378057	92	SM00411	SMART	100	1	90	6.0e-58	190.2	90
2931378062	436	SM00382	SMART	38.04	2	130	1.0e-10	36	129
2931378062	436	SM00382	SMART	53.26	178	328	1.0e-10	36	151
2931378068	382	SM00316	SMART	97.22	14	84	4.6e-84	272.7	71
2931378068	382	SM00316	SMART	95.83	100	167	4.6e-84	272.7	68
2931378068	382	SM00316	SMART	100	186	256	4.6e-84	272.7	71
2931378068	382	SM00316	SMART	100	271	342	4.6e-84	272.7	72
2931378076	424	SM00839	SMART	98.87	193	422	2.9e-96	317.3	230
2931378080	240	SM00257	SMART	100	190	236	9.2e-13	42.4	47
2931378082	496	SM00487	SMART	94.98	13	207	1.3e-35	117	195
2931378082	496	SM00487	SMART	32.88	224	302	1.3e-35	117	79
2931378092	589	SM00304	SMART	94.34	194	246	1.9e-17	57.7	53
2931378092	589	SM00091	SMART	92.65	253	319	5.1e-10	33.3	67
2931378092	589	SM00388	SMART	98.88	364	431	4.8e-24	79.7	68
2931378092	589	SM00387	SMART	97.69	477	589	3.7e-45	148.4	113
2931378093	240	SM00448	SMART	99.33	7	117	1.2e-51	169.9	111
2931378097	244	SM00363	SMART	90.48	2	64	8.9e-21	68.1	63
2931378118	310	SM00892	SMART	98.8	39	273	7.3e-35	115	235
2931378126	79	SM01087	SMART	8.26	2	79	6.0e-03	7.9	78
2931378127	75	SM00530	SMART	82.14	15	64	4.3e-07	24.2	50
2931378131	82	SM00316	SMART	44.44	12	67	1.5e-03	12.6	56
2931378145	255	SM00530	SMART	41.07	203	247	2.3e-07	25	45
2931378146	146	SM00387	SMART	92.31	37	140	2.6e-14	47.4	104
2931378148	389	SM00936	SMART	100	280	371	8.2e-31	101.2	92
2931378156	439	SM00919	SMART	8	65	93	3.5e-44	144.8	29
2931378156	439	SM01274	SMART	100	91	224	1.5e-70	232.3	134
2931378156	439	SM00919	SMART	19	236	292	3.5e-44	144.8	57
2931378156	439	SM00919	SMART	60	299	435	3.5e-44	144.8	137
2931378159	329	SM00870	SMART	99.75	3	316	8.5e-123	405.3	314
2931378160	116	SM00530	SMART	100	5	60	4.2e-17	56.3	56
2931378161	387	SM00278	SMART	70	319	336	3.7e-03	12.1	18
2931378164	306	SM00860	SMART	48.33	92	229	5.2e-03	11.6	138
2931378178	319	SM00382	SMART	59.78	89	253	1.5e-05	19.4	165
2931378181	319	SM00849	SMART	98.78	19	231	6.2e-24	79.5	213
2931378189	307	SM00849	SMART	74.39	26	259	2.7e-13	44.5	234
2931378191	469	SM01350	SMART	99.67	178	468	0.0e+00	776.6	291
2931378192	414	SM00278	SMART	55	185	199	8.1e-03	11	15
2931378203	240	SM00382	SMART	92.39	26	212	5.5e-20	66	187
2931378205	255	SM00062	SMART	99.18	33	254	4.3e-88	289.8	222
2931378207	297	SM00046	SMART	99.36	5	132	3.1e-40	132.1	128
2931378210	278	SM00422	SMART	98.61	6	76	1.7e-25	83.2	71
2931378216	364	SM00839	SMART	97.74	144	350	1.6e-75	248.7	207
2931378218	692	SM00091	SMART	86.76	117	180	1.4e-25	82.7	64
2931378218	692	SM00086	SMART	58.14	189	221	2.1e-05	18.9	33
2931378218	692	SM00091	SMART	76.47	236	299	1.4e-25	82.7	64
2931378218	692	SM00086	SMART	60.47	313	342	2.1e-05	18.9	30
2931378218	692	SM00382	SMART	95.65	388	532	2.6e-16	54.1	145
2931378232	267	SM00448	SMART	98	4	119	3.9e-35	115.8	116
2931378233	426	SM00228	SMART	76.25	130	187	2.1e-10	35.1	58
2931378234	576	SM00382	SMART	26.09	21	179	7.6e-05	17	159
2931378234	576	SM00502	SMART	40.91	172	237	4.1e+00	.7	66
2931378234	576	SM00502	SMART	25	297	351	4.1e+00	.7	55
2931378236	281	SM00363	SMART	88.89	6	71	1.0e-11	38.9	66
2931378244	450	SM00878	SMART	100	337	443	4.0e-72	237	107
2931378254	307	SM00382	SMART	93.48	135	272	3.5e-15	50.5	138
2931378255	93	SM00116	SMART	68.09	18	62	6.2e-04	13.8	45
2931378256	185	SM01185	SMART	98.31	67	121	6.9e-28	91.3	55
2931378256	185	SM00841	SMART	100	129	184	2.7e-36	118.7	56
2931378263	142	SM00529	SMART	99.01	24	123	5.0e-50	163.7	100
2931378265	126	SM00450	SMART	93.62	29	124	1.2e-37	123	96
2931378266	488	SM00727	SMART	36.96	208	234	1.2e-02	9.9	27
2931378266	488	SM00727	SMART	41.3	439	460	1.2e-02	9.9	22
2931378269	557	SM00487	SMART	95.89	56	236	2.7e-37	122.4	181
2931378269	557	SM00490	SMART	97.67	386	466	4.5e-25	82.3	81
2931378272	114	SM00530	SMART	96.43	8	64	7.6e-20	65.1	57
2931378284	356	SM00382	SMART	75	136	335	6.5e-09	30.2	200
2931378285	65	SM00116	SMART	63.83	17	53	1.5e-08	28.6	37
2931378287	439	SM01091	SMART	98.18	362	439	4.9e-20	66	78
2931378292	211	SM00849	SMART	99.59	12	190	4.7e-44	145.6	179
2931378293	57	SM00756	SMART	22.94	4	50	9.5e-01	2.3	47
2931378296	377	SM00631	SMART	91.98	85	365	2.1e-53	175.7	281
2931378300	507	SM00028	SMART	64.71	424	457	2.1e-07	25.1	34
2931378300	507	SM00028	SMART	91.18	458	491	2.1e-07	25.1	34
2931378308	260	SM00382	SMART	77.17	38	234	1.7e-18	61.2	197
2931378309	269	SM00382	SMART	77.17	47	244	4.2e-16	53.4	198
2931378318	99	SM00257	SMART	95.56	49	96	1.4e-08	28.9	48
2931378325	297	SM00518	SMART	99.67	3	285	0.0e+00	466.2	283
2931378326	438	SM00487	SMART	99.54	23	223	1.1e-57	189.5	201
2931378326	438	SM00487	SMART	38.36	237	318	1.1e-57	189.5	82
2931378333	603	SM00400	SMART	100	36	90	1.9e-38	125.7	55
2931378336	213	SM00420	SMART	83.02	10	54	5.7e-05	16.8	45
2931378336	213	SM00116	SMART	93.62	88	135	4.3e-12	39.9	48
2931378336	213	SM00116	SMART	95.74	154	205	4.3e-12	39.9	52
2931378341	301	SM00382	SMART	28.26	7	144	2.1e-04	15.6	138
2931378345	710	SM01071	SMART	18.32	100	157	4.0e-03	10.3	58
2931378345	710	SM01071	SMART	33.66	171	258	4.0e-03	10.3	88
2931378345	710	SM00471	SMART	89.83	496	650	3.6e-14	46.5	155
2931378347	319	SM00382	SMART	13.04	136	263	7.9e-03	10.5	128
2931378356	451	SM00729	SMART	99.19	143	361	1.3e-64	212.9	219
2931378359	375	SM00271	SMART	100	4	61	6.3e-33	107.7	58
2931378359	375	SM00261	SMART	37.5	140	173	8.0e+00	.5	34
2931378364	379	SM00729	SMART	99.19	1	222	1.6e-67	222.5	222
2931378365	612	SM00838	SMART	85.23	411	488	5.6e-09	29.4	78
2931378375	205	SM00278	SMART	100	152	171	7.2e-12	38.8	20
2931378375	205	SM00278	SMART	95	182	201	7.2e-12	38.8	20
2931378379	186	SM00471	SMART	93.22	14	141	1.2e-14	48	128
2931378381	96	SM01103	SMART	100	2	85	9.7e-49	159.5	84
2931378387	250	SM00644	SMART	93.92	12	150	1.9e-45	149.7	139
2931378398	375	SM00028	SMART	73.53	98	127	9.4e-10	32.5	30
2931378398	375	SM00028	SMART	88.24	138	171	9.4e-10	32.5	34
2931378398	375	SM00028	SMART	85.29	219	251	9.4e-10	32.5	33
2931378398	375	SM00028	SMART	44.12	261	286	9.4e-10	32.5	26
2931378403	146	SM00860	SMART	88.33	10	142	1.9e-07	25.8	133
2931378404	150	SM00860	SMART	96.67	14	146	1.8e-14	48.3	133
2931378413	252	SM00382	SMART	91.3	100	231	2.3e-09	31.7	132
2931378421	35	SM00323	SMART	4.1	1	34	8.3e-03	7.8	34
2931378426	273	SM00422	SMART	97.22	9	78	1.0e-27	90.5	70
2931378429	434	SM01091	SMART	99.09	356	433	4.9e-20	66	78
2931378439	157	SM00344	SMART	100	5	114	1.1e-56	185.9	110
2931378457	118	SM00287	SMART	97.1	30	104	1.5e-17	57.8	75
2931378458	119	SM00287	SMART	59.42	30	84	2.1e-10	34.7	55
2931378462	378	SM00739	SMART	35.71	75	84	4.1e-02	8.3	10
2931378462	378	SM00739	SMART	35.71	175	186	4.1e-02	8.3	12
2931378465	140	SM00422	SMART	87.5	1	63	1.4e-26	86.9	63
2931378469	677	SM00640	SMART	100	39	473	0.0e+00	649.1	435
2931378474	935	SM00382	SMART	92.39	137	287	1.1e-15	52.1	151
2931378492	980	SM00929	SMART	95.35	86	127	6.0e-17	55.5	42
2931378492	980	SM01365	SMART	67.74	220	242	2.8e-03	12.3	23
2931378504	211	SM00382	SMART	33.7	4	158	1.9e-05	19	155
2931378510	138	SM00732	SMART	100	1	103	2.8e-42	138.7	103
2931378514	242	SM00382	SMART	80.43	26	213	7.5e-21	68.8	188
2931378515	273	SM00062	SMART	100	47	270	1.2e-91	301.5	224
2931378518	43	SM00665	SMART	16.9	9	39	2.2e-03	11.1	31
2931378521	798	SM00278	SMART	60	107	121	4.2e-04	15	15
2931378521	798	SM00382	SMART	75	359	513	5.1e-10	33.8	155
2931378522	216	SM00028	SMART	88.24	1	33	2.8e-38	122.2	33
2931378522	216	SM00028	SMART	88.24	34	66	2.8e-38	122.2	33
2931378522	216	SM00028	SMART	85.29	68	97	2.8e-38	122.2	30
2931378522	216	SM00028	SMART	97.06	102	135	2.8e-38	122.2	34
2931378522	216	SM00028	SMART	97.06	136	169	2.8e-38	122.2	34
2931378522	216	SM00028	SMART	100	170	203	2.8e-38	122.2	34
2931378526	421	SM00382	SMART	92.39	37	149	3.2e-13	44.1	113
2931378533	518	SM00287	SMART	95.65	29	91	9.5e-79	255.5	63
2931378533	518	SM00287	SMART	97.1	102	164	9.5e-79	255.5	63
2931378533	518	SM00287	SMART	97.1	181	243	9.5e-79	255.5	63
2931378533	518	SM00287	SMART	98.55	258	320	9.5e-79	255.5	63
2931378535	734	SM00471	SMART	91.53	46	158	7.1e-11	35.9	113
2931378535	734	SM00954	SMART	100	240	350	6.5e-72	236.7	111
2931378539	165	SM00060	SMART	43.48	51	125	1.9e-03	13	75
2931378545	89	SM01323	SMART	98.85	4	86	3.8e-49	161.2	83
2931378549	334	SM00382	SMART	88.04	52	181	8.1e-16	52.5	130
2931378550	201	SM00278	SMART	85	70	89	4.7e-11	36.3	20
2931378550	201	SM00278	SMART	80	105	124	4.7e-11	36.3	20
2931378561	387	SM00257	SMART	100	3	48	1.5e-19	64	46
2931378570	192	SM01317	SMART	100	73	187	9.2e-68	222.2	115
2931378577	268	SM00382	SMART	52.17	9	245	2.2e-05	18.6	237
2931378580	290	SM00751	SMART	30.36	52	73	1.2e-01	6.6	22
2931378580	290	SM00751	SMART	39.29	74	101	1.2e-01	6.6	28
2931378582	231	SM00278	SMART	100	73	92	8.4e-05	17	20
2931378591	573	SM00257	SMART	95.56	522	566	7.7e-11	36	45
2931378593	324	SM01004	SMART	99.38	3	322	0.0e+00	802.5	320
2931378599	195	SM00382	SMART	35.87	26	165	3.5e-03	11.4	140
2931378600	774	SM00464	SMART	99.17	8	200	7.1e-82	269.8	193
2931378600	774	SM00382	SMART	88.04	346	490	1.1e-17	58.4	145
2931378601	552	SM00382	SMART	92.39	89	267	1.0e-15	52	179
2931378602	420	SM00994	SMART	100	10	49	7.1e-27	87.7	40
2931378602	420	SM00382	SMART	76.09	108	268	2.0e-15	51.1	161
2931378602	420	SM01086	SMART	86.27	311	403	4.7e-37	121.4	93
2931378604	334	SM00028	SMART	79.41	19	50	1.3e-08	28.7	32
2931378604	334	SM00028	SMART	73.53	51	79	1.3e-08	28.7	29
2931378607	365	SM01329	SMART	100	4	352	0.0e+00	678.8	349
2931378608	518	SM00917	SMART	98.52	368	501	6.2e-35	114.9	134
2931378610	172	SM00930	SMART	38.82	41	74	2.4e-04	14.5	34
2931378610	172	SM00930	SMART	36.47	120	146	2.4e-04	14.5	27
2931378620	141	SM00857	SMART	78.49	2	126	8.9e-29	94.7	125
2931378623	1068	SM00487	SMART	91.32	367	571	1.1e-20	67.7	205
2931378632	366	SM00909	SMART	99	104	194	2.7e-54	177.3	91
2931378632	366	SM00909	SMART	97	255	346	2.7e-54	177.3	92
2931378634	146	SM00347	SMART	99.01	29	129	3.5e-28	92.1	101
2931378635	74	SM00421	SMART	94.74	9	66	7.4e-30	97.1	58
2931378641	408	SM00749	SMART	67.19	2	48	3.7e-01	5.4	47
2931378642	590	SM00465	SMART	100	15	95	3.8e-26	86.6	81
2931378642	590	SM00278	SMART	90	537	556	3.2e-04	15.2	20
2931378644	495	SM00813	SMART	100	294	485	6.1e-89	292.9	192
2931378646	325	SM00893	SMART	90.91	5	189	6.6e-51	167.4	185
2931378647	257	SM00893	SMART	99.57	21	211	2.1e-65	215.1	191
2931378652	785	SM00533	SMART	95.82	10	315	1.9e-59	195.8	306
2931378652	785	SM00534	SMART	97.99	328	513	1.2e-87	288.3	186
2931378652	785	SM00463	SMART	98.94	707	785	9.4e-24	78.1	79
2931378653	570	SM00483	SMART	100	1	314	9.1e-127	418.1	314
2931378653	570	SM00481	SMART	100	336	415	3.5e-26	85.8	80
2931378657	804	SM00873	SMART	100	221	394	2.5e-89	293.7	174
2931378657	804	SM00896	SMART	100	710	803	3.1e-47	155.1	94
2931378659	248	SM00967	SMART	97.92	31	99	9.3e-17	55.9	69
2931378667	500	SM00813	SMART	100	291	490	1.1e-96	318.5	200
2931378672	269	SM00292	SMART	75.27	17	108	4.8e-03	11.1	92
2931378673	229	SM01007	SMART	99.65	7	195	2.1e-68	225.5	189
2931378687	241	SM00448	SMART	98.67	2	113	3.5e-31	102.6	112
2931378687	241	SM00850	SMART	98.26	143	240	3.8e-42	138.3	98
2931378688	593	SM00065	SMART	95.77	238	373	2.3e-16	54.1	136
2931378688	593	SM00387	SMART	91.54	475	580	4.4e-11	36.6	106
2931378690	643	SM00863	SMART	100	172	221	4.2e-27	89.1	50
2931378694	311	SM00382	SMART	88.04	160	282	2.4e-10	34.7	123
2931378696	152	SM00834	SMART	28.89	1	14	1.2e-03	12.6	14
2931378696	152	SM00834	SMART	37.78	30	51	1.2e-03	12.6	22
2931378698	340	SM00846	SMART	100	3	152	2.1e-89	293.6	150
2931378704	276	SM01232	SMART	99.16	134	226	1.5e-48	159.4	93
2931378705	880	SM00475	SMART	100	5	264	0.0e+00	523	260
2931378705	880	SM00474	SMART	99.01	302	470	4.4e-33	108.6	169
2931378705	880	SM00482	SMART	100	637	844	4.4e-121	398.5	208
2931378706	579	SM00091	SMART	91.18	234	300	1.6e-06	22	67
2931378706	579	SM00388	SMART	98.88	350	417	1.0e-26	88.1	68
2931378706	579	SM00387	SMART	98.46	463	575	8.1e-45	147.1	113
2931378707	240	SM00448	SMART	100	3	114	6.0e-53	174	112
2931378709	423	SM01329	SMART	99.54	21	418	0.0e+00	623.1	398
2931378717	290	SM00661	SMART	64.81	32	77	5.0e-04	13.9	46
2931378718	410	SM01274	SMART	100	15	148	1.3e-86	285	134
2931378718	410	SM00919	SMART	100	160	384	0.0e+00	456.2	225
2931378719	1115	SM00481	SMART	97.33	4	71	4.3e-25	82.3	68
2931378725	439	SM00345	SMART	75	13	59	2.2e-06	21.2	47
2931378725	439	SM00116	SMART	87.23	200	246	1.4e-17	57.3	47
2931378725	439	SM00116	SMART	97.87	259	307	1.4e-17	57.3	49
2931378727	227	SM00849	SMART	93.09	7	193	9.5e-17	55.6	187
2931378732	170	SM00852	SMART	99	17	162	1.1e-29	97.8	146
2931378744	401	SM00981	SMART	98.29	74	165	8.6e-28	91.3	92
2931378750	163	SM00065	SMART	69.72	37	163	8.6e-16	52.2	127
2931378751	579	SM00267	SMART	98.86	412	575	3.3e-62	204	164
2931378752	200	SM00363	SMART	84.13	92	165	1.7e-22	73.4	74
2931378754	422	SM00363	SMART	95.24	356	417	4.4e-17	56	62
2931378758	214	SM00116	SMART	95.74	10	58	2.4e-35	114.1	49
2931378758	214	SM00116	SMART	95.74	81	128	2.4e-35	114.1	48
2931378762	334	SM00354	SMART	97.22	3	73	6.9e-43	139.9	71
2931378763	358	SM00830	SMART	97.78	10	89	3.6e-22	72.8	80
2931378768	949	SM00382	SMART	90.22	628	805	8.1e-08	26.5	178
2931378768	949	SM00843	SMART	95.45	879	944	8.9e-43	139.9	66
2931378769	201	SM00116	SMART	63.83	65	104	7.7e-03	10.2	40
2931378776	566	SM01274	SMART	100	82	264	7.9e-96	315.5	183
2931378776	566	SM00919	SMART	100	274	535	1.4e-130	430.4	262
2931378777	281	SM00849	SMART	86.18	52	257	5.0e-23	76.3	206
2931378779	92	SM01129	SMART	13.33	26	66	6.3e-02	7.1	41
2931378779	92	SM01129	SMART	17.33	52	91	6.3e-02	7.1	40
2931378789	236	SM00382	SMART	81.52	30	205	1.0e-11	39.1	176
2931378790	73	SM00420	SMART	60.38	11	56	1.1e-09	31.9	46
2931378791	239	SM00363	SMART	82.54	1	62	1.7e-13	44.5	62
2931378802	454	SM00342	SMART	100	365	448	1.1e-34	113.5	84
2931378807	335	SM00729	SMART	90.24	55	262	7.0e-39	128.1	208
2931378818	103	SM00450	SMART	97.87	7	101	7.1e-25	81.3	95
2931378822	261	SM00091	SMART	58.82	14	73	2.0e-08	28	60
2931378822	261	SM00086	SMART	100	89	129	3.4e-11	37.1	41
2931378824	200	SM00338	SMART	40	24	59	3.6e-03	11.3	36
2931378824	200	SM00338	SMART	43.08	52	91	3.6e-03	11.3	40
2931378824	200	SM00338	SMART	63.08	82	122	3.6e-03	11.3	41
2931378826	253	SM00382	SMART	85.87	32	220	1.9e-13	44.7	189
2931378827	334	SM00387	SMART	98.46	216	326	3.7e-26	86	111
2931378828	231	SM00448	SMART	99.33	2	112	2.1e-32	106.7	111
2931378830	231	SM00382	SMART	85.87	34	224	6.5e-21	68.9	191
2931378833	292	SM00382	SMART	86.96	26	212	3.0e-14	47.3	187
2931378834	130	SM00345	SMART	96.67	12	75	1.0e-18	61.2	64
2931378835	45	SM00815	SMART	5.6	2	41	2.8e-03	9.2	40
2931378837	322	SM00729	SMART	95.53	38	259	1.2e-48	160.2	222
2931378849	260	SM00382	SMART	94.57	32	212	8.9e-21	68.4	181
2931378854	46	SM01398	SMART	25	1	36	8.2e-03	9.2	36
2931378857	75	SM01234	SMART	100	1	68	2.1e-56	184.4	68
2931378858	187	SM00947	SMART	98.57	26	182	9.6e-40	129.9	157
2931378865	250	SM00382	SMART	81.52	28	217	7.1e-17	55.8	190
2931378867	371	SM00922	SMART	98.35	143	235	3.3e-24	80	93
2931378875	428	SM00984	SMART	99.29	312	412	3.0e-41	135.6	101
2931378915	509	SM00244	SMART	34.64	48	113	4.3e-21	69.4	66
2931378915	509	SM00244	SMART	90.5	119	301	4.3e-21	69.4	183
2931378917	163	SM01408	SMART	14.94	10	25	5.9e-03	10.5	16
2931378917	163	SM01408	SMART	10.34	35	163	5.9e-03	10.5	129
2931378927	282	SM00047	SMART	100	40	198	8.4e-79	259.3	159
2931378937	258	SM00420	SMART	100	6	58	8.3e-28	90.8	53
2931378937	258	SM01134	SMART	99.39	73	233	8.1e-72	235.5	161
2931378938	689	SM01007	SMART	100	20	219	3.2e-38	126	200
2931378939	475	SM00304	SMART	98.11	116	168	1.7e-19	64.1	53
2931378939	475	SM00283	SMART	98.91	197	472	9.7e-96	315.4	276
2931378940	178	SM00319	SMART	100	33	151	1.5e-46	153.2	119
2931378941	662	SM00319	SMART	99.3	34	152	4.8e-48	158.1	119
2931378941	662	SM00283	SMART	12.73	342	389	3.4e-97	320.2	48
2931378941	662	SM00283	SMART	98.91	385	660	3.4e-97	320.2	276
2931378942	635	SM00319	SMART	97.89	33	151	1.3e-15	51.7	119
2931378942	635	SM00283	SMART	11.27	339	383	1.1e-96	318.5	45
2931378942	635	SM00283	SMART	98.91	357	631	1.1e-96	318.5	275
2931378943	662	SM00319	SMART	100	33	152	3.5e-51	168.4	120
2931378943	662	SM00283	SMART	11.27	342	387	5.9e-95	312.8	46
2931378943	662	SM00283	SMART	100	385	660	5.9e-95	312.8	276
2931378948	554	SM00642	SMART	100	13	415	0.0e+00	539.1	403
2931378949	429	SM00116	SMART	87.23	225	272	3.0e-06	21.1	48
2931378949	429	SM00116	SMART	89.36	287	334	3.0e-06	21.1	48
2931378949	429	SM01091	SMART	97.27	351	428	3.0e-23	76.4	78
2931378952	84	SM01358	SMART	20.74	9	80	1.2e-02	9	72
2931378960	130	SM00316	SMART	100	6	77	4.0e-30	98.3	72
2931378963	166	SM00344	SMART	92.86	9	114	1.0e-13	44.8	106
2931378967	428	SM00388	SMART	94.38	211	277	4.1e-16	53.8	67
2931378967	428	SM00387	SMART	98.46	319	426	1.7e-32	106.8	108
2931378968	128	SM01298	SMART	99.12	14	126	1.0e-81	268.1	113
2931378969	205	SM00479	SMART	96.43	5	181	1.6e-39	130	177
2931378975	533	SM00091	SMART	88.24	212	280	7.8e-06	19.8	69
2931378975	533	SM00387	SMART	95.38	421	527	7.7e-23	75.1	107
2931378976	235	SM00448	SMART	99.33	2	115	3.3e-34	112.6	114
2931378976	235	SM00497	SMART	39.62	175	197	2.9e-04	15.4	23
2931378976	235	SM00497	SMART	24.53	215	234	2.9e-04	15.4	20
2931378978	510	SM00382	SMART	73.91	29	217	3.2e-15	50.5	189
2931378991	214	SM00448	SMART	98	2	117	4.0e-20	66.4	116
2931378991	214	SM00421	SMART	98.25	151	208	1.2e-21	70.5	58
2931378992	770	SM00387	SMART	92.31	679	770	4.1e-12	40	92
2931378995	46	SM00787	SMART	10.75	2	40	4.5e-02	5.5	39
2931378996	47	SM00948	SMART	60.87	27	44	2.3e-03	12.3	18
2931379006	176	SM00471	SMART	81.36	20	148	1.1e-12	41.7	129
2931379009	1059	SM00338	SMART	66.15	555	601	5.8e-03	10.7	47
2931379012	79	SM00213	SMART	93.06	5	79	2.1e-04	15.1	75
2931379013	97	SM00397	SMART	30.88	11	43	2.2e-03	12	33
2931379013	97	SM00397	SMART	45.59	63	96	2.2e-03	12	34
2931379015	378	SM01003	SMART	100	4	135	6.9e-80	262.2	132
2931379015	378	SM01002	SMART	100	147	296	8.0e-92	302.3	150
2931379017	69	SM00923	SMART	96.23	3	53	7.9e-33	107	51
2931379018	2378	SM00823	SMART	91.1	968	1033	1.5e-21	71.9	66
2931379018	2378	SM00823	SMART	84.93	2053	2109	1.5e-21	71.9	57
2931379031	47	SM00834	SMART	22.22	1	20	5.8e-03	10.4	20
2931379031	47	SM00834	SMART	40	19	39	5.8e-03	10.4	21
2931379035	326	SM01240	SMART	13.54	4	75	6.6e-128	421.6	72
2931379035	326	SM01240	SMART	52.12	82	322	6.6e-128	421.6	241
2931379048	77	SM00530	SMART	94.64	5	60	5.7e-14	46.1	56
2931379053	391	SM00530	SMART	78.57	7	58	1.4e-05	19.2	52
2931379058	241	SM00419	SMART	58	56	93	6.6e-06	19.8	38
2931379067	657	SM00948	SMART	30.43	190	203	7.2e-03	10.7	14
2931379067	657	SM00948	SMART	39.13	240	253	7.2e-03	10.7	14
2931379071	339	SM00733	SMART	65.62	157	180	7.8e-03	10.8	24
2931379077	298	SM00729	SMART	95.53	57	265	5.5e-20	65.9	209
2931379090	114	SM00095	SMART	85.12	3	111	8.3e-06	19.2	109
2931379094	745	SM01008	SMART	100	18	124	1.9e-53	175.7	107
2931379095	277	SM01092	SMART	93.22	179	269	2.9e-02	8	91
2931379101	367	SM00382	SMART	93.48	28	211	1.1e-16	55.2	184
2931379102	242	SM00345	SMART	96.67	14	73	3.0e-24	79.2	60
2931379102	242	SM00866	SMART	98.88	94	234	7.2e-33	108.5	141
2931379109	124	SM00465	SMART	98.04	43	122	8.3e-19	62.7	80
2931379118	261	SM00382	SMART	71.74	32	235	3.8e-11	37.3	204
2931379121	274	SM00062	SMART	22.13	29	82	3.4e-03	9.9	54
2931379121	274	SM00062	SMART	37.3	116	250	3.4e-03	9.9	135
2931379123	341	SM00382	SMART	93.48	30	217	5.0e-19	62.8	188
2931379123	341	SM00930	SMART	100	263	338	1.6e-33	109.5	76
2931379137	155	SM00347	SMART	98.02	28	128	2.4e-37	122.1	101
2931379143	273	SM00382	SMART	78.26	28	225	1.7e-19	64.4	198
2931379149	241	SM00382	SMART	83.7	27	210	1.2e-12	42.1	184
2931379159	458	SM00228	SMART	97.5	350	440	1.4e-16	55	91
2931379160	225	SM00448	SMART	100	3	113	1.3e-36	120.6	111
2931379161	451	SM00304	SMART	92.45	187	239	1.1e-13	45.6	53
2931379161	451	SM00388	SMART	95.51	240	306	1.9e-15	51.6	67
2931379161	451	SM00387	SMART	94.62	350	451	3.9e-23	76.1	102
2931379169	211	SM00448	SMART	100	2	115	1.1e-32	107.6	114
2931379169	211	SM00421	SMART	98.25	147	204	3.2e-33	108.1	58
2931379170	360	SM00304	SMART	96.23	74	126	2.6e-10	34.7	53
2931379170	360	SM00387	SMART	97.69	253	346	1.2e-12	41.7	94
2931379173	225	SM00338	SMART	64.62	87	135	3.8e-01	4.8	49
2931379177	443	SM00382	SMART	69.57	26	286	7.8e-18	58.9	261
2931379181	292	SM00135	SMART	25.49	19	34	9.8e-05	16.3	16
2931379181	292	SM00135	SMART	56.86	135	173	9.8e-05	16.3	39
2931379182	580	SM00388	SMART	94.38	356	423	8.4e-18	59.2	68
2931379182	580	SM00387	SMART	97.69	470	580	4.2e-36	118.6	111
2931379183	237	SM00448	SMART	99.33	4	115	1.5e-45	149.8	112
2931379185	198	SM00742	SMART	53.52	32	69	3.7e-02	7.9	38
2931379185	198	SM00742	SMART	30.99	158	181	3.7e-02	7.9	24
2931379187	385	SM00835	SMART	90.12	60	192	3.0e-65	214.1	133
2931379187	385	SM00835	SMART	96.3	228	366	3.0e-65	214.1	139
2931379190	229	SM00382	SMART	96.74	30	224	9.7e-19	61.9	195
2931379192	269	SM00382	SMART	80.43	28	219	1.2e-18	61.6	192
2931379206	670	SM00150	SMART	34.62	571	647	2.4e-01	5.5	77
2931379209	774	SM00382	SMART	39.13	225	590	8.2e-04	13.5	366
2931379231	313	SM00644	SMART	92.82	12	150	2.8e-47	155.7	139
2931379231	313	SM00257	SMART	97.78	171	215	1.0e-22	74.3	45
2931379237	568	SM00047	SMART	93.48	2	149	4.2e-62	204.4	148
2931379249	400	SM00685	SMART	66.1	20	65	9.3e-06	19.5	46
2931379249	400	SM00685	SMART	18.64	87	97	9.3e-06	19.5	11
2931379255	137	SM00340	SMART	38.64	77	101	8.0e-03	10.2	25
2931379255	137	SM00340	SMART	40.91	105	134	8.0e-03	10.2	30
2931379262	42	SM01218	SMART	36.17	2	42	6.9e-02	7	41
2931379267	38	SM00659	SMART	60.87	2	30	1.6e-05	18.4	29
2931379277	52	SM00257	SMART	33.33	7	39	6.4e-03	10.6	33
2931379279	294	SM00382	SMART	73.91	136	275	1.7e-07	25.6	140
2931379282	63	SM00530	SMART	94.64	4	59	3.0e-09	31	56
2931379283	67	SM00530	SMART	92.86	10	65	2.4e-19	63.5	56
2931379284	132	SM00530	SMART	96.43	9	64	4.4e-19	62.6	56
2931379285	30	SM00963	SMART	21.05	6	30	1.3e-02	9.5	25
2931379292	779	SM00357	SMART	100	73	133	5.4e-32	104.9	61
2931379292	779	SM00357	SMART	98.57	138	202	5.4e-32	104.9	65
2931379292	779	SM00316	SMART	97.22	626	708	9.0e-24	77.8	83
2931379296	77	SM00530	SMART	94.64	4	67	3.6e-13	43.6	64
2931379297	135	SM00530	SMART	96.43	7	63	1.5e-19	64.1	57
2931379298	139	SM00530	SMART	92.86	7	63	2.2e-19	63.6	57
2931379300	566	SM00283	SMART	12	238	300	3.2e-98	323.7	63
2931379300	566	SM00283	SMART	100	290	565	3.2e-98	323.7	276
2931379304	381	SM00382	SMART	89.13	27	221	1.4e-24	80.9	195
2931379304	381	SM00116	SMART	95.74	259	307	6.2e-23	74.5	49
2931379304	381	SM00116	SMART	95.74	319	367	6.2e-23	74.5	49
2931379305	177	SM00347	SMART	38.61	26	78	1.0e-07	25.6	53
2931379305	177	SM00347	SMART	20.79	132	170	1.0e-07	25.6	39
2931379309	380	SM00382	SMART	89.13	27	221	8.4e-24	78.3	195
2931379309	380	SM00116	SMART	89.36	259	306	1.2e-23	76.8	48
2931379309	380	SM00116	SMART	95.74	318	366	1.2e-23	76.8	49
2931379317	430	SM01193	SMART	100	4	134	1.9e-103	340	131
2931379317	430	SM01192	SMART	99.69	139	427	0.0e+00	768	289
2931379321	335	SM00846	SMART	100	3	152	4.2e-101	332.3	150
2931379324	362	SM00345	SMART	100	8	67	3.4e-24	79.1	60
2931379330	59	SM00636	SMART	8.83	1	46	2.2e-10	33.7	46
2931379331	262	SM00636	SMART	54.89	50	261	1.1e-42	140.6	212
2931379335	200	SM00448	SMART	100	2	115	1.5e-29	97.4	114
2931379335	200	SM00421	SMART	98.25	137	194	8.5e-24	77.5	58
2931379338	301	SM00382	SMART	89.13	30	281	1.6e-18	61.2	252
2931379343	403	SM00091	SMART	61.76	3	62	1.9e-07	25	60
2931379343	403	SM00331	SMART	99.6	189	402	1.1e-69	229.4	214
2931379350	240	SM00345	SMART	98.33	15	74	2.7e-25	82.7	60
2931379350	240	SM00895	SMART	100	99	226	5.9e-27	89.7	128
2931379370	152	SM00530	SMART	98.21	5	61	1.4e-18	61	57
2931379380	516	SM00640	SMART	100	48	475	0.0e+00	444.1	428
2931379386	93	SM00530	SMART	75	29	83	4.1e-06	20.9	55
2931379388	388	SM00382	SMART	27.17	136	302	1.7e-05	19	167
2931379392	315	SM00644	SMART	91.71	15	151	1.8e-39	130	137
2931379392	315	SM00257	SMART	100	186	230	5.4e-20	65.6	45
2931379399	472	SM00047	SMART	92.93	2	153	5.0e-50	164.6	152
2931379413	144	SM00530	SMART	26.79	14	55	5.2e-03	11	42
2931379431	391	SM00530	SMART	78.57	7	58	1.4e-05	19.2	52
2931379432	71	SM00530	SMART	98.21	9	64	4.9e-13	43.1	56
2931379436	243	SM00419	SMART	58	56	93	7.1e-06	19.8	38
2931379437	329	SM00521	SMART	54.84	234	289	1.2e-02	9.7	56
2931379441	561	SM00642	SMART	100	12	422	0.0e+00	533.5	411
2931379448	316	SM00354	SMART	94.44	1	71	2.1e-36	118.8	71
2931379452	194	SM00947	SMART	98.57	26	182	3.3e-42	138.1	157
2931379455	259	SM00382	SMART	95.65	34	233	3.3e-16	53.7	200
2931379456	356	SM00388	SMART	94.38	128	190	1.8e-06	22.6	63
2931379456	356	SM00387	SMART	96.15	236	348	7.2e-30	98.2	113
2931379457	237	SM00448	SMART	100	2	112	1.6e-36	120.3	111
2931379463	295	SM00382	SMART	57.61	9	167	8.5e-04	13.5	159
2931379467	484	SM00028	SMART	94.12	21	54	2.0e-10	34.5	34
2931379467	484	SM00028	SMART	52.94	55	74	2.0e-10	34.5	20
2931379467	484	SM00028	SMART	64.71	90	111	2.0e-10	34.5	22
2931379467	484	SM00028	SMART	61.76	156	186	2.0e-10	34.5	31
2931379467	484	SM00028	SMART	97.06	187	220	2.0e-10	34.5	34
2931379468	589	SM00382	SMART	77.17	366	559	5.6e-19	62.7	194
2931379489	310	SM00382	SMART	26.09	145	278	1.3e-04	16.2	134
2931379492	243	SM00345	SMART	98.33	15	74	2.1e-26	86.2	60
2931379492	243	SM00866	SMART	100	95	234	1.2e-46	153.7	140
2931379502	957	SM00382	SMART	18.48	25	43	1.4e-12	42	19
2931379502	957	SM00382	SMART	89.13	631	906	1.4e-12	42	276
2931379503	661	SM00487	SMART	88.58	9	424	4.1e-35	115.2	416
2931379503	661	SM00487	SMART	34.25	439	519	4.1e-35	115.2	81
2931379508	397	SM00228	SMART	92.5	284	359	1.3e-10	35.7	76
2931379510	480	SM00228	SMART	98.75	112	183	1.7e-19	64.5	72
2931379510	480	SM00245	SMART	100	185	376	2.9e-88	290.2	192
2931379512	228	SM00382	SMART	78.26	27	222	1.2e-16	55.2	196
2931379515	327	SM00937	SMART	99.28	45	155	4.0e-61	200.8	111
2931379516	841	SM00957	SMART	100	5	382	0.0e+00	943.2	378
2931379519	113	SM01408	SMART	29.89	1	89	1.7e-02	9	89
2931379534	463	SM00487	SMART	88.58	117	295	9.8e-23	74.5	179
2931379534	463	SM00490	SMART	82.56	343	424	6.4e-14	46	82
2931379536	229	SM00448	SMART	99.33	4	117	4.5e-31	102.4	114
2931379536	229	SM00421	SMART	98.25	163	220	2.3e-31	102.1	58
2931379537	385	SM00150	SMART	28.85	34	88	6.6e+00	.8	55
2931379537	385	SM00150	SMART	19.23	101	133	6.6e+00	.8	33
2931379537	385	SM00387	SMART	96.92	291	385	2.4e-14	47.4	95
2931379546	219	SM00382	SMART	97.83	31	210	5.4e-19	62.8	180
2931379554	444	SM00984	SMART	98.58	315	417	5.2e-45	148	103
2931379570	303	SM00382	SMART	77.17	48	231	1.2e-14	48.7	184
2931379578	880	SM00287	SMART	95.65	630	700	6.7e-16	52.4	71
2931379578	880	SM00047	SMART	100	723	875	4.4e-65	214.2	153
2931379589	380	SM00854	SMART	99.27	60	300	1.7e-97	322	241
2931379592	329	SM00354	SMART	98.61	2	71	6.6e-40	130.2	70
2931379595	493	SM00382	SMART	78.26	27	226	5.7e-23	75.6	200
2931379595	493	SM00382	SMART	95.65	276	479	5.7e-23	75.6	204
2931379598	178	SM00287	SMART	97.1	47	111	4.3e-29	95	65
2931379598	178	SM00287	SMART	97.1	117	177	4.3e-29	95	61
2931379605	225	SM00651	SMART	36.36	2	28	2.5e-04	14.7	27
2931379605	225	SM00651	SMART	39.39	86	113	2.5e-04	14.7	28
2931379609	205	SM00903	SMART	90.11	22	176	8.0e-37	121.2	155
2931379610	111	SM00665	SMART	41.55	5	82	7.9e-04	12.5	78
2931379612	158	SM00344	SMART	99.11	12	118	2.0e-46	152.2	107
2931379626	140	SM01401	SMART	7.19	3	56	2.7e-04	14.5	54
2931379626	140	SM01401	SMART	15.03	64	116	2.7e-04	14.5	53
2931379629	440	SM00984	SMART	41.13	46	90	6.1e-45	147.8	45
2931379629	440	SM00984	SMART	98.58	313	415	6.1e-45	147.8	103
2931379631	237	SM00382	SMART	47.83	46	211	8.6e-04	13.5	166
2931379635	922	SM00487	SMART	89.04	446	634	5.2e-35	114.9	189
2931379635	922	SM00490	SMART	96.51	779	862	4.3e-24	79	84
2931379637	258	SM00420	SMART	98.11	6	58	7.3e-19	61.8	53
2931379637	258	SM01134	SMART	97.55	73	232	1.1e-74	245	160
2931379647	354	SM00028	SMART	88.24	130	160	9.7e-07	22.9	31
2931379647	354	SM00028	SMART	70.59	172	203	9.7e-07	22.9	32
2931379647	354	SM00028	SMART	79.41	211	242	9.7e-07	22.9	32
2931379652	137	SM00347	SMART	100	25	124	1.3e-40	132.7	100
2931379654	468	SM00722	SMART	78.44	72	208	8.1e-14	46.9	137
2931379654	468	SM00722	SMART	76.15	202	332	8.1e-14	46.9	131
2931379660	116	SM00938	SMART	100	8	109	8.8e-40	130.7	102
2931379668	482	SM00155	SMART	96.67	217	244	1.1e-18	60.5	28
2931379668	482	SM00155	SMART	96.67	395	422	1.1e-18	60.5	28
2931379669	257	SM00422	SMART	98.61	3	72	8.6e-33	107	70
2931379670	127	SM01160	SMART	22.43	16	56	4.0e+00	1.1	41
2931379670	127	SM01160	SMART	16.82	83	119	4.0e+00	1.1	37
2931379672	44	SM00859	SMART	9.77	2	36	4.9e-03	10.3	35
2931379681	377	SM00028	SMART	70.59	100	129	3.4e-18	59	30
2931379681	377	SM00028	SMART	91.18	221	254	3.4e-18	59	34
2931379681	377	SM00028	SMART	94.12	260	292	3.4e-18	59	33
2931379681	377	SM00028	SMART	58.82	342	367	3.4e-18	59	26
2931379682	341	SM00729	SMART	97.56	19	226	1.5e-26	87.6	208
2931379685	53	SM00794	SMART	26.67	1	15	1.1e-01	6.3	15
2931379685	53	SM00794	SMART	35.56	16	39	1.1e-01	6.3	24
2931379686	224	SM00327	SMART	95.85	29	220	2.5e-19	63.9	192
2931379687	227	SM00327	SMART	96.89	34	225	1.6e-28	94	192
2931379694	473	SM00382	SMART	69.57	150	411	5.9e-10	33.5	262
2931379698	170	SM01408	SMART	45.98	31	91	1.5e-01	5.9	61
2931379698	170	SM01408	SMART	33.33	118	166	1.5e-01	5.9	49
2931379706	150	SM00226	SMART	100	1	144	1.9e-56	185.5	144
2931379714	359	SM00937	SMART	99.28	65	180	6.2e-66	216.6	116
2931379718	565	SM01274	SMART	98.91	82	264	4.0e-94	310	183
2931379718	565	SM00919	SMART	100	274	534	5.8e-125	411.9	261
2931379720	66	SM00834	SMART	20	15	24	4.6e-02	7.5	10
2931379720	66	SM00834	SMART	35.56	35	57	4.6e-02	7.5	23
2931379721	427	SM00959	SMART	95.35	8	50	3.5e-17	56.7	43
2931379721	427	SM00357	SMART	98.57	55	120	2.6e-22	73.4	66
2931379721	427	SM00382	SMART	94.57	170	361	2.8e-11	37.8	192
2931379727	124	SM00448	SMART	99.33	4	115	8.3e-37	121.2	112
2931379734	398	SM00155	SMART	90	141	168	2.3e-19	62.7	28
2931379734	398	SM00155	SMART	100	311	338	2.3e-19	62.7	28
2931379738	496	SM00382	SMART	76.09	279	481	1.1e-19	65	203
2931379740	500	SM00155	SMART	96.67	237	264	1.8e-20	66.3	28
2931379740	500	SM00155	SMART	96.67	413	440	1.8e-20	66.3	28
2931379742	184	SM00386	SMART	50	128	154	2.9e-03	12.2	27
2931379747	238	SM00100	SMART	96.75	10	129	2.2e-23	76.6	120
2931379747	238	SM00419	SMART	96	168	217	1.9e-14	47.4	50
2931379749	556	SM01016	SMART	97.94	5	95	9.8e-40	131.1	91
2931379749	556	SM00836	SMART	99.25	437	556	2.5e-59	194.6	120
2931379753	53	SM01021	SMART	9.52	1	26	7.9e-02	5.4	26
2931379753	53	SM01021	SMART	7.14	31	53	7.9e-02	5.4	23
2931379754	239	SM00382	SMART	78.26	29	236	3.1e-08	27.9	208
2931379759	458	SM00086	SMART	51.16	76	109	7.8e-03	10.7	34
2931379761	277	SM00086	SMART	62.79	81	117	7.2e-04	14	37
2931379762	339	SM00028	SMART	61.76	62	87	8.6e-16	51.4	26
2931379762	339	SM00028	SMART	58.82	141	172	8.6e-16	51.4	32
2931379762	339	SM00028	SMART	91.18	180	213	8.6e-16	51.4	34
2931379762	339	SM00028	SMART	82.35	220	252	8.6e-16	51.4	33
2931379762	339	SM00028	SMART	58.82	301	326	8.6e-16	51.4	26
2931379763	39	SM00770	SMART	8.28	1	35	9.2e-03	8.3	35
2931379772	139	SM00347	SMART	99.01	27	127	1.9e-34	112.7	101
2931379773	638	SM00863	SMART	100	172	221	1.1e-27	91.1	50
2931379781	433	SM00471	SMART	96.61	57	187	5.3e-16	52.3	131
2931379783	258	SM00717	SMART	92.45	5	58	3.9e-03	11.4	54
2931379783	258	SM00338	SMART	47.69	174	207	7.3e+00	.7	34
2931379783	258	SM00338	SMART	52.31	190	228	7.3e+00	.7	39
2931379800	424	SM00839	SMART	98.49	193	422	5.3e-96	316.3	230
2931379818	225	SM00986	SMART	96.8	50	210	5.7e-38	124.7	161
2931379822	479	SM00640	SMART	100	33	444	0.0e+00	504.4	412
2931379825	276	SM01061	SMART	94.92	1	59	4.0e-27	88.7	59
2931379830	249	SM00250	SMART	46.15	35	63	3.2e-03	12.1	29
2931379852	309	SM00529	SMART	21.78	25	98	6.2e-04	12.8	74
2931379857	395	SM00359	SMART	96.51	2	87	9.6e-19	61.6	86
2931379863	280	SM01061	SMART	100	1	58	4.6e-29	95	58
2931379866	171	SM00347	SMART	100	54	154	2.2e-33	109.2	101
2931379868	413	SM00363	SMART	88.89	355	413	2.0e-11	37.9	59
2931379870	210	SM00954	SMART	96.21	57	180	2.1e-51	169.3	124
2931379871	110	SM00717	SMART	66.04	10	54	1.2e-03	13	45
2931379885	641	SM00420	SMART	35.85	26	46	5.3e-04	13.6	21
2931379885	641	SM00420	SMART	43.4	97	124	5.3e-04	13.6	28
2931379888	547	SM01060	SMART	99.74	36	429	0.0e+00	837.5	394
2931379891	295	SM00382	SMART	83.7	26	203	1.8e-16	54.6	178
2931379898	575	SM00382	SMART	96.74	362	547	5.2e-17	56.3	186
2931379899	567	SM00382	SMART	90.22	352	541	6.6e-20	65.7	190
2931379907	365	SM00382	SMART	94.57	29	214	3.9e-16	53.5	186
2931379915	218	SM00448	SMART	100	6	119	2.0e-35	116.7	114
2931379915	218	SM00421	SMART	98.25	154	211	5.6e-28	91.1	58
2931379923	216	SM00882	SMART	99.23	6	202	1.8e-80	265.1	197
2931379924	238	SM00882	SMART	98.47	6	216	6.2e-103	339.1	211
2931379930	686	SM01060	SMART	99.74	31	419	0.0e+00	923	389
2931379933	277	SM01061	SMART	100	1	59	2.9e-31	102.1	59
2931379936	479	SM00487	SMART	99.09	21	217	9.7e-68	222.4	197
2931379936	479	SM00487	SMART	46.12	229	313	9.7e-68	222.4	85
2931379956	290	SM00412	SMART	80	220	260	6.1e-02	7	41
2931379971	121	SM00787	SMART	7.76	4	44	2.7e-02	6.2	41
2931379971	121	SM00787	SMART	10.45	61	100	2.7e-02	6.2	40
2931379971	121	SM00787	SMART	8.96	78	121	2.7e-02	6.2	44
2931379972	1044	SM00487	SMART	92.24	292	473	6.5e-21	68.5	182
2931379972	1044	SM00490	SMART	96.51	543	625	2.3e-12	40.8	83
2931379974	916	SM00487	SMART	63.93	174	500	2.4e-10	33.8	327
2931379978	433	SM00941	SMART	100	345	418	3.1e-37	121.7	74
2931379980	223	SM01133	SMART	99.66	2	214	2.7e-104	344.3	213
2931379981	313	SM00530	SMART	39.29	3	43	4.5e-06	20.8	41
2931379987	249	SM00382	SMART	93.48	26	222	6.6e-20	65.7	197
2931379989	264	SM00062	SMART	100	34	257	1.4e-84	278.2	224
2931379993	270	SM00966	SMART	25.53	52	69	3.4e-03	11.7	18
2931379993	270	SM00966	SMART	23.4	163	177	3.4e-03	11.7	15
2931379996	121	SM00338	SMART	40	36	67	3.0e-03	11.7	32
2931379996	121	SM00338	SMART	64.62	69	112	3.0e-03	11.7	44
2931379997	117	SM00055	SMART	21.36	5	35	2.9e-01	5.2	31
2931379997	117	SM00055	SMART	55.34	44	102	2.9e-01	5.2	59
2931380003	138	SM00382	SMART	55.43	5	119	1.3e-05	19.3	115
2931380004	105	SM00382	SMART	38.04	32	101	1.9e-08	28.6	70
2931380005	325	SM00387	SMART	96.92	213	324	5.4e-25	82.2	112
2931380006	229	SM00448	SMART	99.33	2	112	1.3e-39	130.4	111
2931380019	251	SM00420	SMART	100	5	57	5.1e-27	88.2	53
2931380019	251	SM01134	SMART	98.77	71	232	4.8e-65	213.3	162
2931380028	626	SM00387	SMART	54.62	25	134	1.2e-07	25.5	110
2931380032	66	SM00530	SMART	96.43	4	59	1.3e-19	64.3	56
2931380038	727	SM00382	SMART	77.17	507	694	3.2e-17	57	188
2931380044	143	SM00347	SMART	98.02	27	127	2.9e-29	95.7	101
2931380046	230	SM01378	SMART	47.76	56	135	6.1e-03	10.1	80
2931380049	243	SM00345	SMART	100	23	81	1.7e-21	70.3	59
2931380049	243	SM00895	SMART	88.79	90	217	2.6e-08	28.8	128
2931380052	468	SM01350	SMART	100	177	467	0.0e+00	672.7	291
2931380058	236	SM00345	SMART	100	7	66	4.7e-14	46.2	60
2931380058	236	SM00866	SMART	95.53	88	225	3.1e-36	119.6	138
2931380060	209	SM00382	SMART	65.22	26	187	7.1e-10	33.2	162
2931380062	52	SM00543	SMART	18.06	1	50	1.3e-03	12.3	50
2931380065	252	SM00382	SMART	91.3	100	231	2.1e-09	31.7	132
2931380066	520	SM00421	SMART	35.09	19	44	7.8e-04	12.7	26
2931380066	520	SM00421	SMART	28.07	92	109	7.8e-04	12.7	18
2931380070	677	SM00382	SMART	26.09	25	141	1.5e-03	12.7	117
2931380080	1037	SM00487	SMART	73.52	298	461	3.2e-29	95.8	164
2931380080	1037	SM00490	SMART	79.07	609	687	3.8e-11	36.9	79
2931380088	385	SM00564	SMART	69.7	283	307	1.0e-02	10.2	25
2931380092	365	SM00028	SMART	52.94	179	202	3.5e-06	21.1	24
2931380092	365	SM00028	SMART	91.18	209	241	3.5e-06	21.1	33
2931380092	365	SM00028	SMART	52.94	252	277	3.5e-06	21.1	26
2931380092	365	SM00028	SMART	61.76	336	357	3.5e-06	21.1	22
2931380098	317	SM00752	SMART	97.79	17	288	5.2e-56	184.6	272
2931380101	123	SM00418	SMART	96.2	32	109	5.9e-33	107.6	78
2931380102	461	SM00091	SMART	72.06	10	75	5.3e-07	23.6	66
2931380102	461	SM00382	SMART	94.57	163	304	5.7e-15	49.7	142
2931380103	400	SM00228	SMART	97.5	295	383	6.9e-14	46.3	89
2931380104	264	SM00849	SMART	71.95	13	218	9.0e-22	72.2	206
2931380107	611	SM00304	SMART	98.11	204	256	1.6e-17	57.9	53
2931380107	611	SM00091	SMART	94.12	263	341	1.4e-09	31.8	79
2931380107	611	SM00388	SMART	97.75	376	443	1.5e-23	78	68
2931380107	611	SM00387	SMART	98.46	488	602	1.9e-46	152.5	115
2931380108	236	SM00448	SMART	100	4	114	6.1e-52	170.8	111
2931380113	430	SM00788	SMART	100	3	422	0.0e+00	972.6	420
2931380115	454	SM00382	SMART	79.35	202	390	2.7e-06	21.6	189
2931380122	659	SM00267	SMART	85.23	136	299	4.4e-20	65.5	164
2931380124	49	SM01381	SMART	8.8	5	47	4.1e-03	9.1	43
2931380128	309	SM01131	SMART	99.29	181	307	2.6e-61	201.4	127
2931380130	36	SM01155	SMART	26.47	3	15	2.2e+00	2.5	13
2931380130	36	SM01155	SMART	20.59	24	36	2.2e+00	2.5	13
2931380133	245	SM00422	SMART	97.22	4	72	7.6e-25	81.1	69
2931380138	130	SM00849	SMART	27.64	24	120	1.8e-20	67.9	97
2931380139	150	SM00347	SMART	99.01	21	121	9.9e-34	110.3	101
2931380146	149	SM00871	SMART	99.53	1	149	1.4e-34	114.6	149
2931380152	343	SM00382	SMART	88.04	132	261	7.4e-15	49.3	130
2931380155	97	SM00354	SMART	98.61	1	71	1.8e-41	135.4	71
2931380160	366	SM00382	SMART	34.78	3	160	2.6e-04	15.2	158
2931380165	282	SM00470	SMART	100	24	113	1.2e-39	130.2	90
2931380166	253	SM00382	SMART	48.91	12	203	1.1e-04	16.4	192
2931380168	283	SM00470	SMART	99.04	31	122	4.3e-39	128.4	92
2931380170	628	SM01228	SMART	100	545	616	3.4e-44	144.5	72
2931380171	459	SM00382	SMART	39.13	220	378	9.5e-05	16.6	159
2931380172	208	SM01245	SMART	94.64	5	57	7.5e-23	75.1	53
2931380172	208	SM00393	SMART	98.8	126	207	3.0e-29	95.8	82
